0.000000000000000000e+00
0.000000000000000000e+00
0.000000000000000000e+00
0.000000000000000000e+00
0.000000000000000000e+00
0.000000000000000000e+00
0.000000000000000000e+00
0.000000000000000000e+00
0.000000000000000000e+00
0.000000000000000000e+00
0.000000000000000000e+00
0.000000000000000000e+00
0.000000000000000000e+00
0.000000000000000000e+00
0.000000000000000000e+00
0.000000000000000000e+00
0.000000000000000000e+00
0.000000000000000000e+00
0.000000000000000000e+00
0.000000000000000000e+00
0.000000000000000000e+00
0.000000000000000000e+00
0.000000000000000000e+00
0.000000000000000000e+00
0.000000000000000000e+00
0.000000000000000000e+00
0.000000000000000000e+00
0.000000000000000000e+00
0.000000000000000000e+00
0.000000000000000000e+00
0.000000000000000000e+00
0.000000000000000000e+00
0.000000000000000000e+00
0.000000000000000000e+00
0.000000000000000000e+00
0.000000000000000000e+00
0.000000000000000000e+00
0.000000000000000000e+00
0.000000000000000000e+00
0.000000000000000000e+00
0.000000000000000000e+00
0.000000000000000000e+00
0.000000000000000000e+00
0.000000000000000000e+00
0.000000000000000000e+00
0.000000000000000000e+00
0.000000000000000000e+00
0.000000000000000000e+00
0.000000000000000000e+00
0.000000000000000000e+00
0.000000000000000000e+00
0.000000000000000000e+00
0.000000000000000000e+00
0.000000000000000000e+00
0.000000000000000000e+00
0.000000000000000000e+00
0.000000000000000000e+00
0.000000000000000000e+00
0.000000000000000000e+00
0.000000000000000000e+00
0.000000000000000000e+00
0.000000000000000000e+00
0.000000000000000000e+00
0.000000000000000000e+00
0.000000000000000000e+00
0.000000000000000000e+00
0.000000000000000000e+00
0.000000000000000000e+00
0.000000000000000000e+00
0.000000000000000000e+00
0.000000000000000000e+00
9.622899999999999433e-08
0.000000000000000000e+00
0.000000000000000000e+00
0.000000000000000000e+00
0.000000000000000000e+00
0.000000000000000000e+00
0.000000000000000000e+00
0.000000000000000000e+00
1.924579999999999887e-07
9.622899999999999433e-08
0.000000000000000000e+00
0.000000000000000000e+00
1.924579999999999887e-07
9.622899999999999433e-08
0.000000000000000000e+00
2.886869999999999962e-07
2.886869999999999962e-07
1.924579999999999887e-07
9.622899999999999433e-08
9.622899999999999433e-08
1.924579999999999887e-07
2.886869999999999962e-07
3.849159999999999773e-07
9.622899999999999433e-08
1.924579999999999887e-07
8.660610000000000416e-07
9.622899999999999433e-08
2.886869999999999962e-07
2.886869999999999962e-07
2.886869999999999962e-07
1.924579999999999887e-07
6.736030000000000794e-07
6.736030000000000794e-07
4.811450000000000114e-07
4.811450000000000114e-07
5.773739999999999925e-07
3.849159999999999773e-07
6.736030000000000794e-07
0.000000000000000000e+00
3.849159999999999773e-07
7.698320000000000605e-07
2.886869999999999962e-07
3.849159999999999773e-07
3.849159999999999773e-07
3.849159999999999773e-07
8.660610000000000416e-07
5.773739999999999925e-07
4.811450000000000114e-07
6.736030000000000794e-07
4.811450000000000114e-07
2.886869999999999962e-07
9.622900000000000227e-07
5.773739999999999925e-07
5.773739999999999925e-07
1.250976999999999754e-06
7.698320000000000605e-07
8.660610000000000416e-07
7.698320000000000605e-07
3.849159999999999773e-07
3.849159999999999773e-07
7.698320000000000605e-07
7.698320000000000605e-07
3.849159999999999773e-07
2.886869999999999962e-07
5.773739999999999925e-07
5.773739999999999925e-07
3.849159999999999773e-07
5.773739999999999925e-07
7.698320000000000605e-07
1.924579999999999887e-07
3.849159999999999773e-07
1.924579999999999887e-07
6.736030000000000794e-07
4.811450000000000114e-07
1.924579999999999887e-07
1.924579999999999887e-07
3.849159999999999773e-07
9.622899999999999433e-08
3.849159999999999773e-07
4.811450000000000114e-07
5.773739999999999925e-07
4.811450000000000114e-07
3.849159999999999773e-07
2.886869999999999962e-07
9.622899999999999433e-08
9.622899999999999433e-08
9.622899999999999433e-08
2.886869999999999962e-07
9.622899999999999433e-08
0.000000000000000000e+00
2.886869999999999962e-07
0.000000000000000000e+00
0.000000000000000000e+00
1.924579999999999887e-07
3.849159999999999773e-07
9.622899999999999433e-08
1.924579999999999887e-07
9.622899999999999433e-08
3.849159999999999773e-07
0.000000000000000000e+00
1.924579999999999887e-07
2.886869999999999962e-07
0.000000000000000000e+00
9.622899999999999433e-08
0.000000000000000000e+00
0.000000000000000000e+00
0.000000000000000000e+00
1.924579999999999887e-07
9.622899999999999433e-08
0.000000000000000000e+00
1.924579999999999887e-07
0.000000000000000000e+00
0.000000000000000000e+00
9.622899999999999433e-08
9.622899999999999433e-08
0.000000000000000000e+00
0.000000000000000000e+00
0.000000000000000000e+00
0.000000000000000000e+00
0.000000000000000000e+00
9.622899999999999433e-08
9.622899999999999433e-08
9.622899999999999433e-08
0.000000000000000000e+00
9.622899999999999433e-08
0.000000000000000000e+00
0.000000000000000000e+00
0.000000000000000000e+00
0.000000000000000000e+00
