7.959349300000007491e-06
6.732711100000005043e-06
8.849782000000022328e-06
5.705402099999999189e-06
2.023429489999997130e-05
2.218491049999998682e-05
1.479053050000001883e-05
1.257071245000001507e-05
4.868486310000018542e-05
4.226023419999998840e-05
5.510529299999997622e-05
2.865112229999999916e-05
5.843149670000002185e-05
4.130011050000007445e-05
3.539292170000013206e-05
6.287766150000012274e-05
6.242699020000002676e-05
3.253076690000000857e-05
6.753728049999996406e-05
3.468194250000003763e-05
8.827577939999981199e-05
4.637563700000004558e-05
6.660318409999989233e-05
9.294203006699982596e-05
6.323426659999995458e-05
7.819885480000000140e-05
9.171904449999980242e-05
8.862267179999985898e-05
6.306618290000001823e-05
1.409730617999998983e-04
9.483304499999996068e-05
1.236343550000000070e-04
8.962945639999993805e-05
1.163396225499999668e-04
1.475370656999999859e-04
1.535266768999999937e-04
2.444166578000001380e-04
1.841357709999998310e-04
2.871174748000001340e-04
3.260746902000007043e-04
1.353917225669999181e-04
1.828620916169998467e-04
2.593423393000001223e-04
2.188371583000000263e-04
2.287688539669999405e-04
2.405362179670000422e-04
4.280678806000002743e-04
3.790445110000003823e-04
3.147395174670003710e-04
1.942266316999999873e-04
4.329608229000000692e-04
4.098104997670001175e-04
3.453949087000006695e-04
3.050332345670004447e-04
5.171924502499996960e-04
4.427957214170006326e-04
5.831041931999999227e-04
3.590930600500003445e-04
4.756096954000002173e-04
6.004217417170001729e-04
4.633485179840001844e-04
5.131800099999996511e-04
6.264465451670003142e-04
5.138540310510004245e-04
5.163030131000003256e-04
4.375198601499999287e-04
7.501876033009993597e-04
6.217002745340001208e-04
7.276880742999998443e-04
5.774329074670001005e-04
5.164030619339998350e-04
6.236799053999997951e-04
5.454381113669992589e-04
4.605639254999998136e-04
4.327601718670000394e-04
5.937888297169995749e-04
6.152673620669991744e-04
4.419097896000000083e-04
4.914763073500001819e-04
5.948372596999996478e-04
6.285414844669999761e-04
4.929946966669992254e-04
6.051688076669997987e-04
5.265136034009996763e-04
5.951698580999996869e-04
3.973686919170003602e-04
5.534274513999996262e-04
4.334784515999997451e-04
5.818003448339997266e-04
5.989432075339997524e-04
4.447227997170000754e-04
5.124015212669996190e-04
3.871457317500002549e-04
4.077671208669999083e-04
3.212923997669999256e-04
3.875624376499999944e-04
4.591846081999997084e-04
5.950197216999993663e-04
3.737724677000001192e-04
3.731004957839999703e-04
2.610718026670000129e-04
3.579028914999999645e-04
2.878880166670000069e-04
4.068707217999999095e-04
3.270652584999999158e-04
3.884244814000003274e-04
3.434262491500000305e-04
4.263987583000004074e-04
2.348103187999998637e-04
3.668051628000000932e-04
1.560712856999999301e-04
2.247150848999999052e-04
1.654974730669998438e-04
2.295494268999998953e-04
1.670414989999999462e-04
1.948994933499997742e-04
1.108841037000000073e-04
1.856235527999998349e-04
1.120734570999999636e-04
1.581655322999999367e-04
1.624332312669999842e-04
1.196178135000000055e-04
8.636204150000002138e-05
2.263741936000000158e-04
9.487392709999998501e-05
1.615402391670000084e-04
7.853707860000002717e-05
1.233451791999999917e-04
7.503047420000003194e-05
9.002103900000003140e-05
1.074940061999999567e-04
7.988972160000000228e-05
5.687655540000002732e-05
6.912816749999998751e-05
6.169679980000001901e-05
5.866338230000001054e-05
1.097172947999999429e-04
2.433686379999999561e-05
4.369799210000002417e-05
2.647257250000000276e-05
4.541111390000000981e-05
4.706908750000000897e-05
2.382581059999999844e-05
2.403285910000000443e-05
3.116228250000000025e-05
3.880932840000000434e-05
3.277585410000000490e-05
5.342216680000000481e-05
1.776151980000000079e-05
3.642077410000000253e-05
5.847580080000001993e-05
6.581964700000000953e-06
2.352070780000000200e-05
5.532461170000000695e-05
4.118519700000000351e-06
6.195736810000001507e-05
5.206062000000001080e-06
1.018733179999999408e-05
6.237774500000000733e-05
2.847341059999999779e-05
1.023361169999999940e-05
2.373454479999999770e-05
3.268552999999999688e-06
2.011330200000000152e-05
3.184961700000000403e-06
4.926973400000001348e-06
3.880337699999999215e-05
1.254999700000000025e-06
5.711928400000000848e-06
3.429349170000000290e-05
4.094906900000000426e-06
3.447355000000000048e-06
2.800989099999999796e-06
5.721297000000001577e-06
2.261593700000000098e-06
1.601040700000000089e-05
1.375287999999999867e-06
1.802306999999999861e-06
3.946327000000001189e-06
8.864739999999998155e-07
9.625259999999999727e-07
5.593868700000000309e-06
5.448129999999999962e-07
2.301918699999999581e-06
1.636361999999999919e-06
4.677500000000000426e-07
2.962301000000000236e-06
1.576183999999999815e-06
3.924009700000000073e-06
2.501453700000000289e-06
1.489136000000000001e-06
8.544589999999999620e-07
4.127709999999999842e-07
5.195459999999999593e-07
2.519539999999999809e-07
2.426920999999999951e-06
2.016140999999999710e-06
9.654077000000000878e-07
1.396580299999999921e-05
5.620889999999999982e-07
