3.014529869053168554e-01
2.073771324417041373e-01
2.003534023220235327e-01
2.161166310870912821e-01
1.837083372494280886e-01
1.693066743223496373e-01
1.585265984579929677e-01
1.564254536142566931e-01
1.815053224317125513e-01
1.366566167869441573e-01
1.249353738626597377e-01
1.160345110988371953e-01
8.119192377087243451e-02
9.936823504005791452e-02
7.325052474495467869e-02
7.001702114008780120e-02
6.635631565771539508e-02
5.743993369877178207e-02
5.844852618504235708e-02
6.110714069130718934e-02
5.168645848660152753e-02
4.208092471327008754e-02
4.245996272376193620e-02
4.352975601094137559e-02
3.542040455341542715e-02
3.820832208598444468e-02
2.789388371187012314e-02
3.003648668872562280e-02
2.699819680352117529e-02
2.450032344702737785e-02
2.323145989759212854e-02
2.114659700134242926e-02
1.910752012974355901e-02
1.911896389703439739e-02
1.695551485705999034e-02
1.705725725187023228e-02
1.441576875973345391e-02
1.320331053725379115e-02
1.189776364549521848e-02
1.298405425697852188e-02
1.187578455574673716e-02
1.074957391113797768e-02
1.023824822473845368e-02
9.561937770520856708e-03
9.033248309964377748e-03
8.702006156784816010e-03
8.297002569879375830e-03
7.928343235217891194e-03
7.238614853186980252e-03
6.968427768038983235e-03
6.614480219378895097e-03
6.264504733283136201e-03
5.995608650080149794e-03
5.758632775709308059e-03
5.931162317641866175e-03
5.214480290027466956e-03
5.124517893751617294e-03
5.207121599188854234e-03
4.902593301790976119e-03
4.660181896053228363e-03
4.711712539586382364e-03
4.563634115200590827e-03
4.732765372747880193e-03
4.583622015800162264e-03
4.466637292145813481e-03
4.142851276133468000e-03
4.249845398232655544e-03
4.003272123048530994e-03
3.953009528248161743e-03
4.179780776741972084e-03
3.998814028065735340e-03
3.923617888277748135e-03
3.970851069155293539e-03
4.076847950167265811e-03
3.981631209578551794e-03
4.101159987595575686e-03
3.804654221045387051e-03
3.982316201579134095e-03
4.108116382249993141e-03
4.183708907854529792e-03
4.093461177925161211e-03
4.292419088388877389e-03
4.196229557383544806e-03
4.390886049380280341e-03
4.517792506207079367e-03
4.539734669737300471e-03
4.771444362377153144e-03
4.909643245014265814e-03
4.990739867337609832e-03
4.869235873725118700e-03
5.318434357838031264e-03
5.171603943176527642e-03
5.587427587552359042e-03
5.537470794431391397e-03
5.881383177615157401e-03
6.139315790851618791e-03
6.213824249647923598e-03
6.429965403944323463e-03
6.815152785355006390e-03
7.276092894208626045e-03
7.647452849050675149e-03
7.242383838020712526e-03
8.138969721365634999e-03
7.958217857327904918e-03
8.345476910483389313e-03
9.236545465853920195e-03
9.681760596424194079e-03
9.206072700696357747e-03
1.001292073667010840e-02
1.044263293685788151e-02
1.116523575420853495e-02
1.212325705554178831e-02
1.185918697590234057e-02
1.205958608766395136e-02
1.354098664438792114e-02
1.617349544176772264e-02
1.601363264862020602e-02
1.813208425971077342e-02
1.749864619207067845e-02
1.614513441520948334e-02
1.836440649034572908e-02
2.042538421366619367e-02
2.176081699274987069e-02
2.233922828414449183e-02
2.427749902039982866e-02
2.224873134289466828e-02
2.526074942744205992e-02
2.741435638804556180e-02
2.708424231444091224e-02
2.953862275825398787e-02
2.905809662767643020e-02
3.385630188938480029e-02
3.377847912518305157e-02
3.055298699010893307e-02
3.961297494396046059e-02
4.350023939884369029e-02
4.080418477315911341e-02
5.345517081496822115e-02
4.701449880050942443e-02
4.218778591880761181e-02
5.491364085881423468e-02
6.134640737558017670e-02
6.908763787774001297e-02
7.347861480689688030e-02
6.668888966866996781e-02
7.782367551190039201e-02
8.918736372587475481e-02
8.190142174439180023e-02
1.001378970440412325e-01
1.469808054839757405e-01
9.691557823530014271e-02
9.350864560092933542e-02
1.172202087228562950e-01
1.293273365796309138e-01
1.344422034591638559e-01
1.101973176567187657e-01
1.863071880824650750e-01
2.058310795593609743e-01
2.197743339465803858e-01
2.271787654250347066e-01
1.766187062281897591e-01
2.935154759802248159e-01
5.234315937445268574e-01
2.114648264312019299e-01
2.259182114088874316e-01
2.338336259529444905e-01
2.322049200516558554e-01
2.910380205770975448e-01
3.118507156937991298e-01
2.968021665722572755e-01
6.222567893557287011e-01
3.376343069679282882e-01
6.193566018073395352e-01
6.321253609406262131e-01
1.113339088852040693e+00
4.108880384210137349e-01
5.308181540934230336e-01
5.330640535501202093e-01
8.703624343364751992e-01
5.162789778824576903e-01
1.251630567771683467e+00
9.938247827004058621e-01
1.331686422330522701e+00
7.099148570234756761e-01
6.235237824888841818e-01
1.669186388853872050e+00
7.387473781925889549e-01
4.756791044857076600e-01
3.502470909074209882e+00
1.130908081527168152e+00
6.892089672426361391e-01
1.040971281364047707e+00
1.865434922174387999e+00
6.220977149201213585e+00
2.094107492838751750e+00
8.350210938637708802e-01
3.408452190593441955e+00
1.348203482951237264e+00
1.639207413172928174e+00
1.770911685419495285e+00
