1.457989056167807995e-01
1.426059800684146006e-01
6.640847636293364942e-02
8.116907309872355147e-02
7.582526189997375321e-02
1.689818654016644328e-01
1.031965608258153255e-01
1.324896774079652451e-01
3.654091898952848555e-02
3.592614849216532041e-02
3.244317495617154296e-02
3.499057068529148884e-02
6.078338444484099323e-02
2.540573891643952906e-02
4.161388683343310302e-02
2.495376927848114504e-02
2.038852570047266013e-02
1.779969284954347961e-02
1.509772000474658704e-02
1.615899716331938366e-02
1.569196984631153827e-02
1.263035523266113451e-02
1.051403297439837230e-02
1.413966843442397703e-02
9.761962932252834721e-03
7.681157056285630759e-03
6.773830752457452899e-03
8.015530429942088753e-03
6.391394270168113470e-03
5.005948112483837864e-03
5.295072802603484168e-03
4.150053988313172522e-03
4.209278926330991405e-03
6.417375473272943741e-03
4.938364309601529084e-03
3.219052402154898816e-03
3.521734185517640635e-03
3.190023914164659934e-03
2.940266272365904977e-03
2.456205895263896804e-03
2.430187095198716417e-03
2.238284977050841815e-03
2.189963042006914939e-03
2.199914949390283266e-03
2.530061806412173264e-03
2.327399187392970893e-03
2.186260171414046351e-03
1.685723771196452484e-03
1.689540226293660035e-03
1.670961625796986167e-03
1.648410250370840923e-03
1.616919019162276231e-03
1.679967993940369338e-03
1.380317352131889448e-03
1.508223521976305220e-03
1.404732713659565804e-03
1.310251052778501745e-03
1.314223279512054992e-03
1.388321584215603498e-03
1.140004947389762144e-03
1.241287547020074843e-03
1.606736802264825421e-03
1.374083699180613698e-03
1.410348605228526654e-03
1.385227272609743966e-03
1.396448180899884702e-03
1.443547368661613275e-03
1.361743008593192025e-03
1.228649550363760052e-03
1.378533772360036750e-03
1.329115706579058788e-03
1.279057430025607248e-03
1.359525265095276993e-03
1.428170694483880216e-03
1.624985090071975717e-03
1.650545737713340292e-03
1.620055891431724463e-03
1.558019096672969223e-03
1.569902789730378938e-03
1.612589739171047497e-03
1.629273711385504850e-03
1.519032921362518636e-03
2.132877437101980949e-03
1.741618877384787552e-03
1.458392844528552104e-03
2.040771690678486443e-03
2.296600106856805726e-03
1.892604905259566081e-03
2.197183182699369644e-03
1.989755697584735805e-03
2.671634677316556995e-03
2.743616062229739094e-03
2.472247741882805088e-03
2.277108264321503830e-03
2.962846090107858991e-03
2.967008316965589771e-03
2.631182163649738431e-03
2.690863728768669479e-03
2.602704509616416730e-03
3.333621606522601394e-03
4.336595819985075012e-03
3.288264703818483473e-03
3.880423279479836007e-03
3.209877791342238568e-03
4.885452686256121571e-03
4.095280127687092424e-03
4.734839252423356758e-03
3.668533593903604544e-03
3.983333544569409891e-03
4.646146101033698204e-03
4.861965363594991131e-03
5.260133069311226199e-03
5.072013233811729742e-03
5.979041680151476849e-03
6.493204324099788489e-03
6.341980537507218955e-03
6.882482112035082263e-03
7.094385595207383308e-03
1.177680173933884702e-02
7.304471722356557263e-03
9.379398268164855501e-03
9.016222117050205417e-03
1.318338820004459448e-02
1.079196287747409382e-02
1.616822780163998038e-02
1.216049829759870832e-02
1.087750016039072155e-02
2.774686676493615459e-02
4.165468196282150898e-02
1.107449237698142526e-02
1.371709569855267784e-02
1.811243400529766526e-02
2.539050238884327237e-02
1.903735878789793515e-02
1.522480864526963226e-02
2.826777399117226183e-02
2.921981359923568264e-02
7.573619530957297064e-02
5.750012691110379520e-02
3.540039722696343427e-02
4.332695066964153963e-02
3.872457196646153510e-02
1.604989690754300008e-02
2.995126456406844301e-02
3.638592309129272395e-02
4.545158399527698956e-02
1.735664424560203270e-02
9.046283486258664686e-02
3.226965869704756518e-02
3.242178839925304035e-02
6.123622684674210476e-02
4.760296278267626274e-02
4.747665406861430182e-02
8.789969140882514242e-02
2.072993858104963394e-01
4.414753263192026239e-02
1.306414140582418948e-01
8.463719812344311366e-02
6.931862371420507984e-02
1.310316898189331225e-01
1.701454802692370372e-01
7.277397928900322666e-02
1.897545330250715034e-01
2.153329584882074377e-01
9.553812886206308752e-02
3.962628322158819050e-02
3.477797979585613430e-01
3.832476021311302661e-02
2.749687896833059586e-01
2.162327303305464909e-01
1.091478614534400621e-01
2.770804963862377512e+00
3.176128603808759721e+00
1.737617470832301669e-01
1.536529733220607652e-01
3.659511498185125777e+00
1.679693302130906618e+00
4.508838530353030727e+00
1.106991618704642377e+01
2.572385897043587111e+00
3.313310690653669344e+00
4.058346851013537204e+00
1.067059844662708379e+01
3.152277538804910240e+00
4.316320171998797028e-01
4.043915577222696456e+00
8.619411754719187968e+00
1.480266864589476761e+01
4.892645995088665267e-01
3.416532267465139938e+00
2.081831783596685970e+00
9.749691461056213260e-02
5.624895645178353831e+00
3.337531102931841076e+00
2.538865481974078797e+00
6.259053574760315541e+00
1.942784855925421494e+00
5.299180482209044918e+00
6.043550590182977800e+00
1.457503209516060938e+00
