4.576199500000007413e-04
4.077519500000012249e-04
4.531645900000011527e-04
2.432172670000000599e-03
1.096978149999997204e-03
1.351461309999996575e-03
9.282750299999980356e-04
1.323871109999998378e-03
2.521758590000007863e-03
2.895416935999997176e-03
2.178887122000004294e-03
4.544225160000010897e-04
2.734202570000010112e-03
2.187506710000008091e-03
4.025841330000011313e-03
5.541059216000006164e-03
3.328773442000009224e-03
1.261950421999996760e-03
4.949106878000014698e-03
3.413033082000018967e-03
3.154449902000010415e-03
5.460045472000005229e-03
6.698364774000003900e-03
4.156721222000013365e-03
6.223721682000003114e-03
8.875719396000006020e-03
9.298742154000007656e-03
6.549956556000011663e-03
7.185488016000008901e-03
7.232550924000010970e-03
1.253825645999999926e-02
1.485880809999999726e-02
2.064516143799994055e-02
1.667364039199999842e-02
1.513562179399999784e-02
1.923993658599996992e-02
2.397804580799992036e-02
2.233734364799992364e-02
2.964168443599991473e-02
2.456266049799993995e-02
3.030648691799993355e-02
2.803362498999991889e-02
3.149429781999992656e-02
3.687208241599994329e-02
3.808744723199995047e-02
3.599124188599994029e-02
4.395057796399995387e-02
4.477786952399997328e-02
5.529980373400001509e-02
5.037287061199998556e-02
5.195938283799995949e-02
6.030319506599998713e-02
4.788045641400001662e-02
5.867380659999995446e-02
5.572330750799999594e-02
6.233979468399997864e-02
5.787504430799994548e-02
5.798054531599998451e-02
6.433834682599995358e-02
7.106525994599999230e-02
6.128855250399994903e-02
5.706922683599995744e-02
6.703635932799997810e-02
6.218574913999997539e-02
6.165711099799989908e-02
7.583474704600003113e-02
7.507391027999996136e-02
6.111063166199993957e-02
7.170023735800000464e-02
7.133320324599994045e-02
6.971490594999990575e-02
6.573177867799996632e-02
6.907835168199992493e-02
5.960667739199995013e-02
6.940230310199996255e-02
7.011307263199992312e-02
7.247833989399998789e-02
6.833355674599991825e-02
6.257038026800000596e-02
6.801815849799994207e-02
7.548445780399996863e-02
7.578098188399992607e-02
6.109799714399995196e-02
6.810775838599988918e-02
6.121864646999992943e-02
5.469573708999994621e-02
4.587798964599994200e-02
4.893540992999993039e-02
4.389292213199996739e-02
4.815432723199995074e-02
4.624749099599993057e-02
4.146207838399995627e-02
4.726792508999991954e-02
4.889985223799996755e-02
4.607183262399997675e-02
4.314484323999996651e-02
3.425021172999997282e-02
3.928291935199997725e-02
4.294122401599998612e-02
3.859342762199996502e-02
2.906910300399999370e-02
3.173419720000000138e-02
3.407472909999999244e-02
2.985198236000001504e-02
2.773707698999999111e-02
2.828281454200000378e-02
2.542186395000001209e-02
3.041607828999999541e-02
1.858512626600000717e-02
2.457748962600000975e-02
1.730814390200000399e-02
2.200736486200000758e-02
1.728507189800000329e-02
1.722021021799999621e-02
1.728191946800001350e-02
1.289784953600000596e-02
1.433330996800000028e-02
1.854921931599999574e-02
1.112901162399999692e-02
1.224263461800000584e-02
1.235936514199999919e-02
1.318850830200000816e-02
1.053590514600000021e-02
1.654545195000000149e-02
9.973869279999998672e-03
6.179880424000000483e-03
7.610510387999994131e-03
3.340789134000000157e-03
5.731145293999997080e-03
9.784136286000000293e-03
1.340759561800000318e-02
7.685407789999998580e-03
6.269968867999995560e-03
7.769405033999999058e-03
5.361192383999998333e-03
5.599975029999994768e-03
4.986487070000001839e-03
5.482371434000000640e-03
1.184092326000000086e-03
3.017461164000000140e-03
2.913187371999999623e-03
2.609881638000001013e-03
5.195621461999995645e-03
5.546634420000002381e-04
4.562134404000001663e-03
2.482891172000000705e-03
2.957626477999999483e-03
3.708327864000000428e-03
4.608413543999999133e-03
2.812300989999999730e-03
4.827147045999998463e-03
4.347165792000000362e-03
1.649809006000000104e-03
8.203094100000001736e-04
1.799036144000000460e-03
4.363791895999999566e-03
9.871774839999999072e-04
2.405584607999999847e-03
1.506786886000000339e-03
8.903097799999997461e-05
1.689903819999999575e-04
1.200117793999999974e-03
4.129203800000000101e-05
6.221175740000002476e-04
1.673076980000000758e-03
1.366168070000000224e-03
8.287146479999999392e-04
2.323023099999999182e-03
4.842305399999999468e-05
1.223909958000000096e-03
2.016515600000000097e-05
6.308333499999999256e-04
4.847450200000000367e-05
1.927532680000000349e-03
1.063135788000000312e-03
2.781104799999999983e-05
7.077328599999999038e-05
1.864087719999999999e-04
1.881783599999999979e-05
2.997016600000000351e-05
6.316918040000002368e-04
2.208594599999999720e-05
1.890398200000000477e-05
2.291358000000000229e-05
3.311457000000000099e-05
3.075687600000000466e-05
2.092494400000000394e-05
3.898848399999999735e-05
5.662361860000000337e-04
3.038580800000000159e-05
2.849516979999999517e-04
1.143395526000000025e-03
7.029958799999999402e-05
3.864711199999999746e-05
4.913079999999999893e-06
2.082012800000000071e-05
1.903656199999999936e-05
4.906428000000000248e-05
1.615667239999999847e-04
5.264636600000000504e-05
