4.954554600000003360e-04
2.833465000000001915e-04
2.846044260000002370e-04
2.833465000000001915e-04
3.413211600000002352e-04
5.897495259999983126e-04
1.009481899999997495e-03
8.875657519999982864e-04
1.111026298000000528e-03
6.200820000000002068e-04
4.608835000000002097e-04
2.036595452000000347e-03
9.823621999999979787e-04
2.096000120000002329e-03
1.871380535999998037e-03
1.252764404000000081e-03
1.233036686000002968e-03
3.348257478000001442e-03
3.719227000000002031e-03
9.244121319999970858e-04
4.519502617999998292e-03
5.027224311999997294e-03
3.066522900000001953e-03
3.682591132000004059e-03
5.251490149999993480e-03
5.188507303999994637e-03
7.379566803999986109e-03
6.878073697999991312e-03
7.825357737999983840e-03
8.820917077999975570e-03
1.083139866399997903e-02
1.180982727999998344e-02
9.940671473999986713e-03
1.724248676799998437e-02
1.231013133999998149e-02
2.078235997199998769e-02
1.942472343399997622e-02
1.821094892199999135e-02
1.570458777399997771e-02
3.051371754599998404e-02
1.906765499999997504e-02
2.429584188199998204e-02
2.652406783599998985e-02
2.660471575000000408e-02
3.015460628799998197e-02
3.608480989199997629e-02
4.004380939399999895e-02
3.394026653399995902e-02
4.293281235399996898e-02
4.899631928399995895e-02
4.216663493599995260e-02
4.732114100199996676e-02
4.945910109599994248e-02
4.824149647999994434e-02
4.536997133599995208e-02
4.377148104599996176e-02
5.711125212199995305e-02
5.380992564799993300e-02
6.464669408199993916e-02
5.689772098599994721e-02
6.230580425999990291e-02
5.057860446399991411e-02
5.728027202199992979e-02
6.644026815999996838e-02
6.157937920799994025e-02
5.980080991399992080e-02
6.059438047599989552e-02
6.678971332199991340e-02
7.154181853999989904e-02
6.412800357599994505e-02
5.955776685399988279e-02
6.441705392799990104e-02
6.055217783799995285e-02
6.363096938199991337e-02
7.362847043999998231e-02
7.200517488599997296e-02
7.426602366800001687e-02
6.058089144999988934e-02
7.029513358999993355e-02
6.942648112199996391e-02
5.826147391199992115e-02
6.707619970599994208e-02
5.680377050999992766e-02
5.089502141599996227e-02
6.324964866399993002e-02
5.723016601599996422e-02
4.987967187999994140e-02
4.432239866799997374e-02
5.045514733399993762e-02
4.906415734199992551e-02
4.838103853999997650e-02
5.337468380599991180e-02
4.093287003600000473e-02
3.763177550599998422e-02
3.100670717199999898e-02
3.462118641199999486e-02
4.803708629399994212e-02
3.595780169000000609e-02
4.063458883999998550e-02
3.174403948400000147e-02
3.944079192200000000e-02
3.423984424000000443e-02
4.046623957799997534e-02
2.519756942199999003e-02
2.763445987199999315e-02
2.743863744799998963e-02
2.417479076200000632e-02
2.540593444600000236e-02
2.947145515799999907e-02
2.952334487800000948e-02
2.074343945199999539e-02
2.114718431399998516e-02
1.579174929399999525e-02
1.833601679199999002e-02
1.956446571200000026e-02
1.581712309200000374e-02
1.722866494600000173e-02
1.375121755399999653e-02
7.848655784000006796e-03
1.137142372599999826e-02
1.337155979399999410e-02
1.378160205399999762e-02
1.552466798600000454e-02
1.460067315400000350e-02
1.443049743200000047e-02
8.138223626000000085e-03
9.149809720000004129e-03
8.852520116000000411e-03
6.311510344000003173e-03
7.316548333999999508e-03
6.911612327999998827e-03
5.787906277999999537e-03
4.170201121999999629e-03
6.221227756000001496e-03
5.418746357999997161e-03
4.720920855999999159e-03
4.989331721999998477e-03
4.050631623999998224e-03
3.908871909999999360e-03
3.686636065999999816e-03
5.259353130000000813e-03
4.233394879999997917e-03
1.930129872000001549e-03
1.505193039999999779e-03
5.577312667999996532e-03
5.410287757999999309e-03
2.362212674000000595e-03
4.989196921999999347e-03
1.102966404000000266e-03
5.178129039999999905e-03
1.227633864000001428e-03
1.804196243999999991e-03
1.905930806000000156e-03
1.125338354000000136e-03
2.196158344000000064e-03
1.582941252000000330e-03
4.031491419999999951e-03
1.311312900000000115e-03
1.219942378000000126e-03
9.314310199999998457e-04
1.142860458000001089e-03
1.156553853999999892e-03
1.256857814000000113e-03
3.143153579999999944e-04
3.089508820000001635e-04
1.593501022000000334e-03
6.483036359999999826e-04
4.917228420000000974e-04
4.986758719999999498e-04
3.308042200000000282e-05
2.013743199999999887e-05
1.874387988000000100e-03
4.910108480000000301e-04
5.092666660000002383e-04
1.564649899999999861e-04
8.035256000000000440e-06
1.711167000000000214e-05
1.776808200000000096e-05
5.574694079999999944e-04
8.955115899999999043e-04
1.291677020000000110e-03
7.953702000000000238e-06
6.545021679999999276e-04
7.681553999999998588e-05
1.585898999999999772e-05
6.043171999999999237e-06
9.845807839999999936e-04
4.259343480000000104e-04
9.163396760000000734e-04
6.347697999999999749e-06
1.238647399999999792e-05
7.042717999999999576e-06
1.089724200000000120e-05
6.872165999999998672e-06
1.217712400000000135e-05
1.951009200000000090e-04
9.604971639999999302e-04
1.618915999999999799e-05
1.051918000000000116e-05
5.154663999999999815e-06
