1.294156131092591089e+01
1.139311301718803726e+01
1.150245284025117520e+01
7.721112843671598114e+00
1.284684997211143198e+01
1.241420625440894732e+01
9.850566718390734167e+00
1.061452841226658528e+01
1.011425536064107789e+01
1.017673670827393551e+01
6.159711818336860212e+00
6.836581786999309962e+00
6.527520149718759157e+00
5.497771089928276567e+00
6.314044504895926835e+00
5.103227188061535635e+00
4.772377846358854647e+00
4.113444211439174936e+00
6.160180653908147619e+00
4.110648697925233463e+00
3.337008268789522170e+00
2.467250202452718977e+00
3.586029634046609793e+00
3.767693495210784782e+00
1.647819508498490793e+00
2.912014658155873459e+00
2.307142817531814938e+00
1.579573808783407474e+00
1.414298377148589303e+00
1.207224866169589683e+00
1.589389138301088522e+00
1.361389875251574733e+00
1.277636797428385762e+00
1.414379207433386965e+00
1.237379773118481019e+00
9.857598639929500139e-01
1.038627233704885411e+00
5.546693171602806727e-01
5.625513672022349754e-01
7.940596565328388312e-01
9.054857210284024127e-01
8.366657854494414792e-01
6.035421659705582087e-01
6.074424261363180477e-01
7.128669731166882295e-01
7.001705219380373046e-01
6.427880191002242061e-01
4.528936574651997726e-01
3.938518344086970324e-01
3.812207391895460207e-01
3.374799873186817845e-01
4.117180447218911632e-01
3.582398560186585978e-01
3.038417309724753546e-01
3.350265304378027276e-01
2.379602490183057029e-01
2.229984791054023530e-01
3.448609867706693421e-01
2.521104336884917863e-01
3.381455526651514498e-01
3.013425416125282141e-01
2.045451811528222197e-01
1.825532045396938974e-01
1.966816592649027196e-01
1.489369590955752221e-01
1.448015561102465321e-01
1.582065531805771086e-01
1.805408169488602055e-01
1.650184805003989397e-01
1.525241200306562961e-01
1.438584857853816290e-01
1.554516666920966461e-01
1.328994482821324874e-01
1.277141846544321002e-01
1.195187952807174603e-01
1.318256478491671435e-01
1.216668016434462041e-01
1.290104096671331746e-01
1.097765821619480914e-01
1.013192535235529351e-01
1.202731843670994810e-01
9.899394001422767708e-02
1.213749282276083558e-01
9.532785935807379374e-02
1.132146412840883409e-01
1.121331084873121442e-01
9.842732655224278870e-02
1.330280698772873527e-01
9.073919969043586775e-02
1.194175687021835908e-01
1.093574171588717753e-01
1.029268539182964376e-01
9.621005058911355490e-02
1.035281870184278502e-01
1.074323805387317615e-01
1.178798375401279991e-01
1.135239746205113642e-01
1.180942279442370180e-01
9.799597942595106304e-02
1.078388190336607433e-01
1.211786006621145273e-01
9.742510468183374073e-02
1.296009857023531220e-01
1.048806404728946651e-01
1.177505239024576461e-01
1.369774779982793622e-01
1.404272282146965256e-01
1.494858213040546890e-01
1.495329708055668227e-01
1.331924843365427935e-01
1.993123525429051357e-01
1.490816668170618919e-01
1.539287377905015630e-01
1.452610258853803404e-01
2.007010729118253733e-01
1.791291707835823144e-01
1.649807219537501868e-01
1.659000124141750410e-01
2.016504465631885346e-01
1.736518648101169349e-01
1.888348212825871897e-01
2.156847929467207714e-01
1.978064088759717010e-01
2.320743970966861192e-01
2.220836024366711348e-01
2.708650549602711344e-01
2.865052846823559207e-01
3.869171140875466430e-01
2.969213440834879703e-01
3.328170752117096121e-01
4.177791080229150134e-01
3.007713004053104155e-01
3.407981467114579721e-01
3.173354557843278134e-01
4.329433896545206162e-01
4.202802893641431337e-01
6.408977561222309882e-01
5.384894549846689360e-01
2.800954667200654113e-01
3.610092376067251529e-01
5.840350144324663040e-01
5.293386771089761966e-01
5.914443369738345835e-01
4.520419215833412774e-01
3.759828511726532874e-01
6.801982085559427071e-01
8.284547047111839868e-01
1.154453993044996185e+00
7.774557104218849934e-01
6.251610094238144733e-01
8.467224350799260613e-01
1.506907624012170821e+00
2.476240506862246615e+00
6.348344239400312006e-01
7.766293403941464391e-01
1.059511062268168713e+00
7.017892698054246203e+00
9.768762472356379289e-01
3.203999980415429771e+00
1.392548768905314427e+00
1.377142127149768358e+00
1.701444569883292290e+00
1.464770916877733420e+00
1.515552102908081178e+00
1.464143419941260182e+00
1.795503451401595063e+00
3.551838321922423436e+00
1.629768932356078226e+00
1.231047411097978284e+01
3.981678378771612348e+00
3.395846681810712031e+00
1.158648958525741257e+01
3.206321381193812048e+00
1.866395262502002828e+00
1.822726350431966402e+00
6.339982982208297813e+00
1.173987897258651492e+00
3.236012033443425029e+00
2.594091008162524048e+01
2.535970699971707099e+00
4.126930031880563732e+00
6.919212410672566982e+00
2.302991581388152653e+01
4.164055569490379582e+00
1.368299860500085785e+01
1.354279956364924686e+01
5.792317925103904308e+00
1.548939367039960757e+01
1.422162918465167003e+01
8.660696564652102580e+00
6.647940318565729534e+00
2.521342802283459150e+01
4.665974313380176852e+01
7.153715536808966213e+00
2.890875722751821186e+01
9.376435577272893340e+01
4.956763534556604789e+00
4.889582998638734779e+01
4.798281429569944834e+01
2.000286863628267042e+01
