1.469256952806062522e+01
9.785559783849191007e+00
1.081208626575190657e+01
1.258772489478409895e+01
6.355728145113381800e+00
1.103717958880214134e+01
8.147326343041140007e+00
8.535332691422450324e+00
5.516196193001927206e+00
5.394587095443519331e+00
6.305661244798956844e+00
1.079513958706078469e+01
5.289234038402469196e+00
3.838642842003581190e+00
7.171264412917679465e+00
6.842705379732431759e+00
4.224385350356103963e+00
4.309071341417805456e+00
2.668165857801097829e+00
2.470079424004352653e+00
3.149815771482776139e+00
1.866037031408304125e+00
3.800974259483612894e+00
3.111687012515167883e+00
1.794305553741371684e+00
2.616737024257713706e+00
1.928942672060150576e+00
1.167521364480819557e+00
1.763819368793103859e+00
9.688424967908756402e-01
1.514201597123701060e+00
1.521126468604069970e+00
8.540271544501998324e-01
8.469980387168359881e-01
8.913517009889879716e-01
8.630357475466314821e-01
6.828694356917776043e-01
7.189889704946964555e-01
8.325412267759573215e-01
6.659938982020293663e-01
5.300792560465753533e-01
5.106416693032655996e-01
4.522158054651255754e-01
4.501937715562009390e-01
4.923925199180834156e-01
3.481456758559984266e-01
4.911927049390222288e-01
4.371465466514007359e-01
3.503782171287043723e-01
2.863347466343787451e-01
4.104860480890770713e-01
3.399853465745923398e-01
2.168863330285916435e-01
2.489119162904431803e-01
2.814187039802041324e-01
2.645964654743478417e-01
2.696640268332728407e-01
2.479278583937047642e-01
2.042609209407319770e-01
1.832425876545714927e-01
1.615915149889537161e-01
2.032424661647745934e-01
1.567902011142831287e-01
1.827851621707054508e-01
1.514289965045653164e-01
1.412500787218259057e-01
1.424558043097168547e-01
1.443006129651085989e-01
1.230180434040314269e-01
1.196709033023244939e-01
1.300011743092980843e-01
1.061172367780374992e-01
1.150051135411218894e-01
1.150449926856525751e-01
1.145608889996630880e-01
1.028142196950939807e-01
1.217806251992028382e-01
1.157658642224047296e-01
1.027447941312260860e-01
1.132304600444786064e-01
1.176161356510985606e-01
1.078122298404307206e-01
1.073043865070454489e-01
9.953784596711913457e-02
1.041844224075417352e-01
9.376896138113925694e-02
9.139569936855747312e-02
1.086891464392701484e-01
1.010421569010360177e-01
1.042410600387005531e-01
1.151403369158542217e-01
1.168618033454414812e-01
1.157398277000478287e-01
9.527837546458758911e-02
9.665519150318006847e-02
1.122907932294752720e-01
1.078988232899394245e-01
1.221638178355961279e-01
1.261639929860114140e-01
1.227652155755537405e-01
1.351292394999782098e-01
1.153731459369613799e-01
1.262309210977717866e-01
1.093866523611937147e-01
1.237031938256367980e-01
1.386260519547548586e-01
1.468615497124566571e-01
1.448538559634285350e-01
1.498562606670957864e-01
1.818525278702294024e-01
1.420930508327661601e-01
1.546889141050922234e-01
1.370042994923473534e-01
1.408972668373975057e-01
1.810793184099931119e-01
1.793458986761966578e-01
1.500937764752205417e-01
1.881820087601544511e-01
2.261116387197437405e-01
1.833043253728890432e-01
1.791537907252986894e-01
2.172928477180207929e-01
2.136565752741175495e-01
2.115048178937473655e-01
1.951734265638516708e-01
2.471908127752889262e-01
2.066160004625429147e-01
2.846391055588785024e-01
2.703078107331672308e-01
2.551850868057886079e-01
3.773565916078585603e-01
3.155807162569901902e-01
2.817290033261753979e-01
3.576907457412683566e-01
3.284802703188499096e-01
4.534981985038146757e-01
3.666292666079684626e-01
5.708352172551378612e-01
4.067177817304086229e-01
3.542691800128886515e-01
7.668827447007923181e-01
6.023650858810448705e-01
8.601383867528074045e-01
9.028449673517224827e-01
4.487026151741446145e-01
4.921484064586616469e-01
7.479515628156296891e-01
5.129687436765256736e-01
1.251549612591663196e+00
7.752144994253725718e-01
1.111247834554629277e+00
1.404567909874404386e+00
1.333129233803051594e+00
1.123544854787313030e+00
1.410173179154200485e+00
8.323681183345308376e-01
1.474099275033887047e+00
1.223381617937179033e+00
1.285160130073613738e+00
1.612968484832573157e+00
2.627680527761593332e+00
2.742858278097595637e+00
2.696376699002204891e+00
2.273108099924684211e+00
3.275433272918065075e+00
1.528047926898275177e+00
5.021095510796028449e+00
3.384235274920327274e+00
4.211911471110671101e+00
1.935061881933522798e+00
1.870575720604652048e+00
5.224214711538300193e+00
3.821737147691664838e+00
1.988577760685788842e+00
2.993345957468969587e+00
4.611926765533780781e+00
5.449131676764900512e+00
4.153455452262874381e+00
2.364648697945467948e+00
8.856099443115947878e+00
8.644052314617745481e+00
2.917815273067007720e+00
5.672854381216017927e+00
3.698187057695322633e+00
4.194847746482357920e+00
1.794828191465901313e+01
1.138049966113332623e+01
3.114217925306970969e+01
5.408362616448656901e+00
4.039884121624385038e+00
5.723031774925193815e+01
3.024086949952750913e+01
9.904050923181797472e+00
1.214053516067201244e+01
7.650220200933023307e+01
2.312777647871254061e+01
5.285658598524094742e+01
4.362901573581642367e+01
3.536452528270922357e+01
7.943492074711451778e+01
