1.061393250034575253e+01
1.012648149447314161e+01
9.954228765811599544e+00
1.100524442365913735e+01
1.841268597984637623e+01
9.983954489839760527e+00
1.382005649338683284e+01
1.262712130701804369e+01
1.193084487253006643e+01
1.167559602342714342e+01
6.986113039212726861e+00
8.989001903199925536e+00
4.446741464216738215e+00
1.141039755074144679e+01
8.304017266834875954e+00
9.961707853421561509e+00
7.694759452692658819e+00
4.754552193681444550e+00
6.406741495413188048e+00
4.792333944616057551e+00
4.221652559225062440e+00
3.635500427464061435e+00
1.999037087586535311e+00
3.685852834960567925e+00
3.694653594959134590e+00
2.417684330881872956e+00
9.136256271781169058e-01
1.009599441147105203e+00
2.785073831176608561e+00
2.697971295103408274e+00
2.161075838649622938e+00
1.532104118473839094e+00
2.423649648982668214e+00
1.876792280493940535e+00
9.316310903626700002e-01
6.998175435481609474e-01
7.747710196638237790e-01
1.049434823850235121e+00
1.584335660311048555e+00
5.758923233603359115e-01
6.914090352449846488e-01
3.707231369578730118e-01
6.667025359233502702e-01
5.738244890678273480e-01
5.779479525125102990e-01
6.484810197704190537e-01
4.961785194687048928e-01
5.717990014800821141e-01
5.352721193961363921e-01
5.613186011479317505e-01
3.601956717274561459e-01
3.078232314671792147e-01
2.425652103178633778e-01
2.902470741783458319e-01
2.564303449971974680e-01
2.688385281741351718e-01
2.412917493905285815e-01
1.918148661065615379e-01
2.403624137815269235e-01
2.550607464639178534e-01
1.950332688662769764e-01
1.605361500209074033e-01
1.373900991553870798e-01
1.711578528915087549e-01
1.700988033231040919e-01
1.595189742582614201e-01
1.690219485388154419e-01
1.070131514039228543e-01
1.919619217578924231e-01
1.878221599828667210e-01
1.498068982387274484e-01
1.436394831898840652e-01
1.342763257137651323e-01
1.473075095008318514e-01
9.202140487911095179e-02
9.217417339513954422e-02
1.495379617971769604e-01
9.564789086456329525e-02
9.036621774601230617e-02
9.594606744359561457e-02
7.688451497833365123e-02
1.032184230157901783e-01
9.817971874154556022e-02
9.568463527648229938e-02
1.015793446450698467e-01
9.545390263179021062e-02
1.463725356318355819e-01
9.475947375624658997e-02
9.065831454801104305e-02
1.029269491951397414e-01
9.218178339344623717e-02
7.616496561907830365e-02
9.846545649927590516e-02
9.762843392356379546e-02
1.495578911061157812e-01
9.462146959753035824e-02
1.129389196298068859e-01
1.425219376080703870e-01
1.130404155038146619e-01
1.334395788906573843e-01
1.067910451225290436e-01
9.047711411456856034e-02
1.037956558847962230e-01
1.080616057982164702e-01
1.455347720320525895e-01
9.281351728543180135e-02
1.306064992494510302e-01
1.365036320313953166e-01
1.248255572700214394e-01
1.484261427084488105e-01
1.851675645396464176e-01
1.190914521697846035e-01
1.179193056478874679e-01
1.515949886181990891e-01
1.402615699780541125e-01
1.696878407443170311e-01
1.362209116394430264e-01
1.728031566681008657e-01
1.967324860830956812e-01
2.669500077895434198e-01
1.806612677832868108e-01
1.666938875237460316e-01
2.531839647830074758e-01
2.016618644019261275e-01
2.442076778338342913e-01
2.267171381138961828e-01
2.182678377493267874e-01
2.579692902479889249e-01
2.569324062293061317e-01
2.694021677454350172e-01
3.088279094039009798e-01
2.493610714207571410e-01
4.117494747986561454e-01
3.640686311197788849e-01
4.137562419224243282e-01
3.728526341458884841e-01
5.759913485629836183e-01
3.537926050537373857e-01
2.882917125176920337e-01
4.987466010988109710e-01
3.939019460535268524e-01
3.732519561764768290e-01
6.723457269421952986e-01
6.306344624665647380e-01
2.681624964514028320e-01
6.073456960368107671e-01
4.805079579071306894e-01
4.755829382388815918e-01
9.520726783690264261e-01
1.035718723846678069e+00
1.200714833946987525e+00
1.594811074391430106e+00
7.759652631385958177e-01
8.463375017446566062e-01
1.277331945832251625e+00
1.899367137352807378e+00
1.690355447448588233e+00
1.821318235082596937e+00
5.552337410709374810e-01
2.211958353392150745e+00
2.414801826330908341e+00
4.556586119991943740e+00
1.359163069240428889e+01
1.381605200948693835e+01
2.934921816851600695e+00
8.152446691985720806e-01
1.259790244998004960e+00
1.920950903377725671e+00
1.900973696608925012e+00
1.023326967498275453e+00
2.086155843346654049e+00
1.371732350433662040e+00
2.982138962806583748e+00
4.570007124418514977e+00
7.832887374006327619e+00
2.375288107922078673e+00
1.658394622954230613e+01
2.185632322603925370e+00
8.235027721934677913e+00
1.119003169892869520e+00
8.228013964868043928e+00
2.629182199405650877e+01
8.403416357457825114e+00
7.312608581199739888e+01
7.807932164277175957e-01
1.425164112422151241e+00
4.232540581664760992e+00
3.876267843611300723e+00
4.764954957313824480e+01
3.116269950427787538e+00
1.661135956472530850e+01
9.907659540187297864e+01
1.109163883244001170e+01
2.942329240289419001e+00
2.796646778218594065e+01
8.540679261501608721e+00
4.906769995889343505e+01
2.903920416586251463e+01
4.536612934904341898e+01
7.035908742549295880e+01
