2.847355493000043982e-04
2.955968027000049013e-04
3.777612846000038323e-04
4.461198488999993696e-04
3.851266484000047071e-04
4.242015122000001594e-04
4.142367639000021288e-04
5.353305429999928285e-04
4.864089622999946488e-04
5.060401587999935813e-04
5.604175201999936611e-04
6.271547473999815239e-04
6.144376568999846159e-04
8.048232509999823838e-04
8.085642879999773878e-04
8.235859564999813750e-04
8.908179167999977005e-04
1.105659349900084323e-03
1.014395559600048341e-03
1.132045647100070069e-03
1.276020928400095839e-03
1.287096712100064405e-03
1.401664837800145180e-03
1.710577300300154119e-03
1.660520134300150826e-03
1.671417443000159254e-03
1.898038945700176051e-03
2.133770393300145167e-03
2.438006784700152453e-03
2.495077576900157912e-03
2.851240204500132217e-03
2.966673685600142163e-03
3.187564716900130775e-03
3.407468162600061322e-03
4.001667923999877030e-03
4.084232422999862708e-03
4.668883795399704842e-03
4.931285026799676723e-03
4.986778376999657057e-03
5.575435849599495036e-03
6.018697904599508951e-03
6.454680890799441989e-03
7.472485368899535116e-03
7.739551259699604599e-03
8.496559046699655310e-03
8.965246394199630903e-03
9.450635902499754382e-03
9.959501156099708624e-03
1.075823178949976942e-02
1.180043706639979408e-02
1.162636611229983172e-02
1.332181116149996555e-02
1.373980859189998481e-02
1.335713834159996116e-02
1.506495126710013545e-02
1.577581461290025050e-02
1.592711939860017023e-02
1.745454819640032684e-02
1.759653289260034240e-02
1.804195584440039177e-02
1.889728280240044259e-02
2.024041649740049992e-02
2.020366076510049860e-02
2.120815480230048289e-02
2.116712410560047872e-02
2.173511168170041280e-02
2.224885563670049582e-02
2.238803421930053716e-02
2.363591282420046680e-02
2.437780213660046061e-02
2.414218386460046523e-02
2.346115881140042186e-02
2.469831828930044160e-02
2.438384949860041007e-02
2.424861403430049467e-02
2.545792123180041014e-02
2.475598221800043644e-02
2.467966398080033777e-02
2.466926982260034262e-02
2.509771292160037359e-02
2.446195458390024863e-02
2.391162439510032683e-02
2.379223570780030286e-02
2.273396553980024104e-02
2.303356491400023603e-02
2.334463681960027848e-02
2.382061806880024848e-02
2.203526993340021098e-02
2.291327993130019489e-02
2.184554488280012613e-02
2.064416731500006222e-02
2.089616747850013903e-02
1.935764066080012530e-02
2.045010418970010652e-02
1.975091156930011693e-02
1.952860281080015178e-02
1.757168256080005389e-02
1.780994291540005658e-02
1.675677754820005874e-02
1.630952997400003657e-02
1.543932668579998599e-02
1.468304889920001195e-02
1.493611915750003676e-02
1.497300864080002014e-02
1.384572905490001095e-02
1.255127635549995076e-02
1.298336312769997163e-02
1.234279001879997652e-02
1.165559132679996023e-02
1.138167099239999203e-02
1.075208364999997480e-02
9.159575226199954262e-03
1.005426285629995066e-02
8.956973157299938718e-03
8.744955188299981946e-03
9.641483382299954885e-03
7.793497053499969136e-03
7.848531895199978986e-03
7.589552560899994263e-03
7.415857689199971924e-03
6.786977792399969019e-03
5.811819540899969966e-03
6.410814978499973678e-03
6.134836591199979879e-03
5.125683924499977243e-03
5.471539692799978066e-03
4.579036665299985980e-03
4.447449188299989337e-03
4.721534719699980488e-03
4.303722767399986715e-03
3.886623693099988935e-03
3.823216689599999007e-03
3.839940154899988255e-03
3.520774265099993125e-03
3.676513971199988663e-03
3.117712543899997437e-03
2.777723719599997382e-03
2.426872240399998576e-03
2.582891755200000111e-03
2.112041664400000126e-03
2.064660950499998000e-03
2.533877558299999465e-03
1.695376236700002004e-03
2.075467864300003205e-03
1.586898239800002336e-03
1.693431310500002895e-03
1.784130787500002582e-03
1.663961131200002077e-03
1.718597266900001325e-03
1.216842262900001345e-03
1.287264350400001969e-03
1.175108124400000946e-03
9.597528217000005990e-04
1.162711074900000781e-03
9.589382414999993599e-04
9.517885128000008830e-04
1.011540325800001569e-03
6.480134035999990339e-04
7.749889545999996340e-04
6.726617608999995454e-04
7.902701387999997405e-04
5.009163366999999254e-04
6.000124009999997267e-04
5.471727789999997725e-04
4.266905813999999440e-04
4.582039709999996611e-04
3.414420265999999413e-04
3.280946858000000337e-04
4.756753134999999418e-04
3.662855331999996088e-04
2.489740498999998817e-04
3.995508617999997793e-04
2.767245134999997934e-04
2.991370468000000655e-04
1.911173923999999783e-04
2.174186791000000407e-04
2.757815721000000313e-04
2.461331708999997688e-04
2.202126032000000248e-04
3.031013356999996016e-04
2.135536058000001231e-04
1.099318935000000364e-04
9.155655279999999163e-05
2.253464983999999482e-04
1.831037513999999450e-04
3.580094850000000752e-05
1.217470387000001663e-04
1.234081850000000281e-04
1.052945569999999819e-04
4.470668499999999563e-05
1.162337350999999920e-04
1.045846860999998526e-04
6.099498479999992923e-05
6.794068199999994814e-05
5.770175799999998864e-05
9.987501099999995780e-05
6.377425910000000310e-05
1.029107076999999501e-04
6.221305999999994540e-05
1.086027320000000445e-05
