3.727982374999990280e-04
4.003179849000002835e-04
4.588880274999975199e-04
4.699549453999974031e-04
4.555010190000000070e-04
5.084608563999955906e-04
5.301085069999970532e-04
8.028938237999870466e-04
7.085302484999909511e-04
6.433470284999906214e-04
9.439345017000279900e-04
7.449270947999872420e-04
1.030777545300039580e-03
1.252077745200066245e-03
1.325665048300096738e-03
1.293606059400068727e-03
1.344184450400072060e-03
1.969067519600109159e-03
1.553007940300102233e-03
1.741202724200104253e-03
1.983315848600112306e-03
1.919032471400102316e-03
2.238496577200098890e-03
2.235953704800097350e-03
2.713171840600092904e-03
3.097222261100094839e-03
3.326078989400064589e-03
3.289648931500079379e-03
4.192014487899868927e-03
4.342343021999892604e-03
4.680672772799834847e-03
5.192777946499761363e-03
4.958887920499777460e-03
5.563815233699703419e-03
5.960002449699699188e-03
5.959315604199757685e-03
6.927942366699682206e-03
7.649308618399679183e-03
8.611335481099730710e-03
8.797976739499741711e-03
8.916221460699719908e-03
9.874519367499777142e-03
9.635119928299781811e-03
1.074986926629980556e-02
1.128922480529985159e-02
1.245001838999986593e-02
1.258298728969983737e-02
1.370665332059996591e-02
1.353308208869992250e-02
1.640987756640015921e-02
1.648290388760016018e-02
1.656906027370014592e-02
1.750151723470013895e-02
1.867392975950020115e-02
1.782589989950017842e-02
1.956750951120020399e-02
2.058473700350026137e-02
2.133141984200027583e-02
2.241052247270028039e-02
2.177398273370026796e-02
2.294841949770030920e-02
2.426675990670035601e-02
2.383212541680029828e-02
2.518673918780031315e-02
2.386643645290032964e-02
2.482028616470026774e-02
2.469570830240024051e-02
2.624558563670028113e-02
2.659370425990032274e-02
2.650367544690028498e-02
2.643252814650026011e-02
2.621387990170026550e-02
2.832603347660029788e-02
2.554487016270019090e-02
2.673248993170025678e-02
2.644952183140020577e-02
2.637753842950022951e-02
2.693733241530023997e-02
2.535307449660017393e-02
2.532094410370019921e-02
2.514512335440012222e-02
2.524656758290019787e-02
2.484776302470017781e-02
2.427833872790013253e-02
2.381580146250009133e-02
2.399400401480010145e-02
2.167825603720005892e-02
2.157773271690005892e-02
2.127332221850003133e-02
2.227515120400005294e-02
2.088224247250006563e-02
2.069149433369997168e-02
1.914008831710003328e-02
1.945504995900003420e-02
1.846136558519995835e-02
1.770734595349996235e-02
1.726775360930001696e-02
1.567555098049997625e-02
1.580707556029992827e-02
1.455310378669995297e-02
1.453086914149998889e-02
1.410456473819995775e-02
1.285455395209994349e-02
1.305916885759997141e-02
1.225283794369996793e-02
1.145438888449994662e-02
1.143463862729996589e-02
1.083383165669996040e-02
1.062407527389994631e-02
1.016852747069998258e-02
9.314818894999960311e-03
9.107812175899971524e-03
8.624723590699965442e-03
7.829433685999974066e-03
7.038879979699973546e-03
7.357160115099992646e-03
7.139120472199994051e-03
7.457173316499968695e-03
6.613138594099975121e-03
6.241127902399987160e-03
5.271998282699997054e-03
5.842031939699994167e-03
4.746684936399988078e-03
4.825164412999999493e-03
4.999011171799991153e-03
4.808610874599996213e-03
3.861787509199999645e-03
4.057678459699993676e-03
3.589043654999991839e-03
3.015253823399999950e-03
4.099515127499997295e-03
3.067040119599998785e-03
3.000080437299995715e-03
2.900149209899996992e-03
2.196446301800001992e-03
2.594206998099999294e-03
2.572028032299999989e-03
2.260483825500002319e-03
2.207585386800000639e-03
2.024479600100003145e-03
1.995812059000003687e-03
1.539433890300002114e-03
2.115377933000000057e-03
1.392355671700001461e-03
1.727156449400003195e-03
1.306300006300000491e-03
1.317883706700000764e-03
1.338897027700001715e-03
1.195368752499999633e-03
1.396558866300000486e-03
8.890759926000004788e-04
1.077534094400000187e-03
1.001920696200001189e-03
7.621664342999996027e-04
6.196074555999995593e-04
7.285332104999995510e-04
7.108557920999998862e-04
4.971055704999992027e-04
5.491149961999997314e-04
4.400625512999998623e-04
5.180166601999999700e-04
4.026091935999998625e-04
3.714177645999999300e-04
3.199016216000003529e-04
4.849258500000003269e-04
3.346994888999997369e-04
4.692571653999998453e-04
4.199977975000001446e-04
4.367918915000000828e-04
3.668396907000000587e-04
2.537807482000000022e-04
2.670609202000000281e-04
3.092282010000001061e-04
3.307953441999999297e-04
4.240132896000001162e-04
1.270797520000000250e-04
2.063791660000000928e-04
1.069970104999999638e-04
1.266525599999998423e-04
7.189114809999994896e-05
1.048856773999999674e-04
1.270498813999999788e-04
1.361245692000001214e-04
8.443023949999992701e-05
8.905046039999993997e-05
1.206801762000000690e-04
1.852508907999999297e-04
6.983774189999991916e-05
4.309050780000003611e-05
1.652901399000001248e-04
1.386353314000000696e-04
8.399489409999992507e-05
9.130510529999996900e-05
3.254888409999998360e-05
7.374368769999994824e-05
8.547154109999995282e-05
2.677754640000000130e-05
5.425073609999997518e-05
5.185333549999997374e-05
1.057036446000000598e-04
