1.318602006987432906e+00
1.906353470632674352e+00
1.738994820452815615e+00
1.532420445225863403e+00
1.689949444606088091e+00
1.346725608417938425e+00
1.384630995608766568e+00
9.734603921480056155e-01
1.147830484960143949e+00
1.123194966050635735e+00
1.135791844988488730e+00
1.182395767780915374e+00
1.038494529778284381e+00
7.289772321381803311e-01
9.666559990362453281e-01
6.166754572353942976e-01
7.478918136802285010e-01
7.042618187739643210e-01
6.842562703837126170e-01
5.200210639343909591e-01
4.350188263248353504e-01
6.122429421761048651e-01
3.959855850091528739e-01
5.561034153687191006e-01
4.525261529538542327e-01
3.021487551225599533e-01
4.608561019415122750e-01
3.534466633770326771e-01
2.922200607169314623e-01
3.675902511978548226e-01
3.579173604404444764e-01
2.643401135520177525e-01
2.849726367023236451e-01
2.218659517384572177e-01
2.738711760957114327e-01
2.425145412146682000e-01
2.371050582971263587e-01
2.182627085721807747e-01
1.611367776168214638e-01
1.760377119004450375e-01
1.787218225225061796e-01
1.562192861138078093e-01
1.486726061334171511e-01
1.292325650809591497e-01
1.156213815395555622e-01
1.576682188560204756e-01
1.252477537472406754e-01
1.115530544997334061e-01
1.088993157775433318e-01
8.918215242943731969e-02
8.273636273818865683e-02
8.751380075133791125e-02
9.020807488051811596e-02
7.580266020301203167e-02
7.415189989150795802e-02
6.791578626896055404e-02
5.666015795065785371e-02
6.170436844616031258e-02
5.865957798059898837e-02
6.490807452215374695e-02
6.279849892801389610e-02
5.115840696608155158e-02
5.358312388032866747e-02
4.782212370014309044e-02
4.920121625686280087e-02
4.868496385762046547e-02
4.678462474220673739e-02
4.721711848793492400e-02
4.847394319491297315e-02
4.547795451021695995e-02
4.902112011394272467e-02
4.301307407769711100e-02
3.742266796471648005e-02
4.565287240016348280e-02
3.969087881901618015e-02
4.323247056803395522e-02
4.168534531809257176e-02
4.176888955759433530e-02
4.185209557911109823e-02
3.788467025848463871e-02
4.640483213657248251e-02
4.300481743928710049e-02
4.473654497491080795e-02
4.101314895934374954e-02
4.698604661476198097e-02
4.461778692039176930e-02
4.422039343130194228e-02
4.453234312272796175e-02
4.773794007976772669e-02
4.806049026216720893e-02
5.178146469221346637e-02
4.715366073484505288e-02
5.323288133293005431e-02
5.293895786166820383e-02
5.306748808094554487e-02
5.050273968232121824e-02
5.196557931396778712e-02
5.820544403117320492e-02
5.586947855080141856e-02
5.987049848264196922e-02
7.374227003197968144e-02
6.419740954955492629e-02
6.897851923436172650e-02
7.878584493236542863e-02
6.187447684520731850e-02
7.020729726892049882e-02
8.315310476304682563e-02
9.919896082537414672e-02
8.289236124530323380e-02
9.306137200831091083e-02
8.204101885139715444e-02
1.088048329021451266e-01
1.123738198590450571e-01
1.101127981766901603e-01
1.385160725044254915e-01
1.322179307983837315e-01
1.136540094670771689e-01
1.268641559968137766e-01
1.237792422714696638e-01
1.602179115686548916e-01
1.678453471030380006e-01
1.539238077684304817e-01
1.451133961941369066e-01
1.658655520564022989e-01
1.875707892743409821e-01
2.504056762408425341e-01
1.937363273011297182e-01
2.734195281469891103e-01
2.135527948026981204e-01
2.596207340069746072e-01
2.976833170701923548e-01
2.709282874017007736e-01
2.406514804775717609e-01
3.407394001945274753e-01
3.006097200054578811e-01
2.784881149511591603e-01
3.361853034641471560e-01
3.771906481628125030e-01
3.194724050020396611e-01
3.431768491606267957e-01
4.129824558929048872e-01
4.747464769544766372e-01
3.182690427701133085e-01
4.285212807093276566e-01
7.576317101679725940e-01
1.523586066077608381e+00
6.525475137966787464e-01
7.168959546674581462e-01
6.639257562775042754e-01
4.926143576004756164e-01
7.497590531181717033e-01
6.815273754383075477e-01
8.523637915584001412e-01
6.253122701376726544e-01
1.498688515913162211e+00
9.246772119876640605e-01
1.277889864577206103e+00
7.370887678968229828e-01
9.055895840281441567e-01
1.393432386063277573e+00
1.509464301609656500e+00
1.542962171300218399e+00
4.211479936089093101e+00
9.379752057291582679e-01
3.150338026066565433e+00
2.503612283373097380e+00
1.527430068887367653e+00
1.708425654405302252e+00
2.770211678251612408e+00
2.292667076861163444e+00
3.262814004596358064e+00
3.074136437122521492e+00
3.899678313512723093e+00
2.270834607214471390e+00
3.917168289611602905e+00
2.212269739083621545e+01
8.681442604017592046e+00
1.284964308654368281e+01
1.282700639213625138e+01
2.380445462415496927e+00
8.371968907584454556e+00
3.869210263690066931e+00
1.598133853042647878e+01
5.625184195904410878e+00
7.305888826238746248e+00
2.928035061361136471e+01
3.719969502639867898e+01
1.569799780900309472e+01
6.940925447870957044e+01
2.441374993016686190e+01
9.330175527209693342e+00
3.524007051303877347e+01
9.869715323634943971e+00
1.665596786617234670e+01
2.431330323073401445e+01
1.694807677547602864e+01
5.130332743021187980e+01
9.647924193651283176e+00
5.632606749278661340e+00
4.365539005742699707e+00
