2.998131406399952015e-01
2.429634238688349046e-01
2.280113294418238123e-01
2.891776434952181840e-01
2.069455046919969066e-01
2.177248185500441635e-01
2.141627160923399442e-01
2.463234225886619666e-01
2.263424577247785952e-01
1.573280755936000141e-01
1.461855031296290797e-01
1.686396257980185553e-01
1.443040605829420675e-01
1.400141715607919612e-01
1.192199476990669360e-01
9.766258727996837696e-02
9.773574479628117928e-02
9.744443268771475763e-02
7.051156264811779539e-02
6.912225647726190358e-02
5.078019452547648249e-02
5.129208596651647911e-02
5.296793501993086323e-02
3.412935223848785615e-02
3.081457272835136027e-02
3.675453941390918050e-02
2.312273792649666496e-02
2.651867765756545786e-02
2.014344948984305578e-02
1.895368965268216452e-02
2.089548851468964533e-02
1.426796587658550608e-02
1.422758822257513822e-02
1.197441497635924439e-02
9.738015316486747439e-03
8.923800661203604850e-03
8.678714837600239734e-03
7.662615266179729524e-03
8.354625198104686373e-03
6.949425325758398081e-03
5.774745245416334355e-03
6.024573666686892405e-03
5.442661868707382618e-03
4.833093194510491158e-03
4.695201025398615044e-03
4.251246849154593187e-03
4.060562894109919982e-03
3.803393082476825247e-03
3.429830676952169699e-03
3.125861848460909347e-03
2.921376606455022753e-03
2.709504360625816267e-03
2.704455829017442074e-03
2.399546873220476627e-03
2.502766048245162224e-03
2.284576678860735822e-03
2.243828691280337021e-03
2.025941742317238347e-03
2.030627766924228243e-03
1.868297448895090470e-03
1.885428209476176613e-03
1.814066822329221456e-03
1.767859581147760220e-03
1.768587742701772545e-03
1.608999304839325503e-03
1.608729815868206910e-03
1.546732126373564272e-03
1.554358908708207464e-03
1.527914666214084992e-03
1.451113431489899986e-03
1.496418831098206541e-03
1.468902534643308369e-03
1.486218181643342816e-03
1.396651445780433239e-03
1.439411696431549832e-03
1.449931126664590064e-03
1.451295038062643764e-03
1.485640469407468285e-03
1.362185611606277257e-03
1.344485913721704499e-03
1.452933332047427533e-03
1.481033538018070072e-03
1.467556920182081642e-03
1.450068545740133092e-03
1.568440970103167657e-03
1.538175449620993130e-03
1.478903384910942474e-03
1.581443498131828189e-03
1.614064017807588644e-03
1.551520375342875079e-03
1.655642299841708891e-03
1.683459501281199056e-03
1.731278324636173786e-03
1.708824476850895205e-03
1.865685006911796395e-03
1.775832193527798145e-03
2.062457813087966059e-03
2.048233873210542500e-03
2.015192605393222817e-03
2.125907797231616891e-03
2.284547077462334343e-03
2.265783353236444815e-03
2.298195486178938960e-03
2.556348248037223526e-03
2.681452804116446573e-03
2.563766024710757620e-03
2.654099441915479512e-03
2.714054347370393767e-03
2.807314107087633889e-03
3.306884009038103551e-03
3.284004068152610381e-03
3.363122141159622693e-03
3.405713886840628594e-03
3.936155103048857851e-03
3.796998020290677338e-03
4.286892171747144764e-03
4.534184420109740529e-03
4.640706006575298116e-03
4.775922918376923273e-03
5.400872852252940233e-03
5.563408874521552118e-03
5.433346880612395860e-03
5.638507284700799461e-03
5.906772516136474076e-03
6.476414093428296131e-03
6.376835608134149777e-03
7.318603444280561039e-03
7.318546589558850950e-03
7.937911853511397595e-03
7.822518299806166531e-03
9.204134861593056549e-03
1.015868290948697406e-02
8.663022507167153149e-03
9.550397205222738509e-03
1.109304185701884791e-02
1.100269282970282175e-02
1.194087866328979487e-02
1.240837367311709884e-02
1.447691726221234446e-02
1.375326413650160631e-02
1.644279430751892368e-02
1.685566222947219167e-02
1.700141709450319477e-02
2.101600798559576100e-02
2.086114750624394262e-02
1.768763830111497182e-02
1.991543293027113123e-02
2.709042512684512599e-02
2.068345390229600275e-02
3.032793711967586223e-02
2.594433416475895940e-02
3.012150299348040003e-02
3.782894861146397086e-02
3.096455126173027969e-02
3.363231008589344373e-02
4.660971263291399658e-02
3.989548708235898106e-02
4.558579106772244621e-02
4.849447200322633961e-02
5.340233393166873843e-02
4.217915104593925046e-02
9.798018631911929732e-02
5.228980959168667841e-02
5.575854407528384876e-02
8.699414493718650443e-02
6.066825042018006431e-02
7.289506058633309082e-02
1.097724581344639433e-01
1.179719867775862324e-01
1.256861581985292686e-01
1.045254924364939914e-01
1.343693669463928153e-01
1.271598072621065445e-01
1.504322367679107597e-01
1.925568747305844708e-01
1.094676415592167606e-01
1.218819595483791596e-01
1.426648122807387953e-01
2.227541336300151165e-01
1.800151667718769555e-01
1.963098756850247817e-01
2.057679244135856012e-01
2.765509586990225754e-01
2.329273462170354525e-01
1.837666463045345699e-01
2.418424663945542563e-01
3.601284826977839137e-01
2.283329110069684809e-01
2.612994873404680396e-01
2.067363366357980736e-01
3.619848055944869802e-01
1.941428909090003596e-01
3.870421272780603106e-01
2.880024018120020401e-01
2.828817352767236115e-01
5.030310379490543493e-01
3.021148823531870642e-01
8.716502222037676439e-01
2.678040228017177782e+00
5.424318405271032484e-01
