3.336946067879701383e-01
3.336946067879701383e-01
2.259799793167631687e-01
3.328566484054564789e-01
3.336946067879701383e-01
1.447819940800855187e-01
2.444803599937193650e-01
1.550219769741235376e-01
1.153415040584359758e-01
3.328566484054564789e-01
1.632221523119072593e-01
2.253886331286542033e-01
2.137276433325308589e-01
2.468829233820112878e-01
8.011465419926017129e-02
1.129194607721998450e-01
5.955253640880856653e-02
4.168429793531331501e-02
9.102488062640162747e-02
5.415801655183002244e-02
6.938598434241237400e-02
3.684445305827051265e-02
3.973976083011494104e-02
3.317732104987750757e-02
3.198697129631509345e-02
3.561864661163562096e-02
3.225086901206302564e-02
3.002173073750599719e-02
2.461045728642922287e-02
1.730856246562717179e-02
1.187186652563955967e-02
1.467121579474959560e-02
1.250477978499929532e-02
1.754060856035422056e-02
1.233519507679974904e-02
1.042844457051581887e-02
9.500328477521843840e-03
8.982032279236542779e-03
7.184415578761606767e-03
8.582639779158404009e-03
6.391410315858030849e-03
5.036602894983814756e-03
5.960476336143759671e-03
5.091752844275052384e-03
3.938303320388713592e-03
4.520773710986991135e-03
3.843325684039225736e-03
3.635012889193985769e-03
3.537059037138023075e-03
3.483245925999138744e-03
3.345419760167337147e-03
3.040882630284524185e-03
2.778382107338569270e-03
2.346055064320442737e-03
2.513019636043255407e-03
2.310938283472929820e-03
2.193048391779274780e-03
2.060957850480730959e-03
2.068076356770089889e-03
1.775716903335959520e-03
1.750031806961090163e-03
1.787809950298456692e-03
1.782769438250371777e-03
1.769640214046558965e-03
1.687742023778158367e-03
1.519892949971177578e-03
1.738069129385586302e-03
1.559436076444724447e-03
1.601464628941993030e-03
1.469732850561284018e-03
1.479320784229500464e-03
1.335899170318348384e-03
1.562640562456279591e-03
1.393510939849737897e-03
1.502282864145875483e-03
1.536322336089710437e-03
1.458783016664863454e-03
1.454807456240093683e-03
1.359346746045481677e-03
1.503269514299984113e-03
1.492064744601783637e-03
1.412824597309442817e-03
1.411048018253470600e-03
1.487602691409944467e-03
1.571267983662242044e-03
1.424079402540877337e-03
1.547605657640127759e-03
1.470869984441371819e-03
1.599290505593404122e-03
1.666675202429818625e-03
1.667826704016456751e-03
1.677696685274134318e-03
1.779421760220343488e-03
1.676735834228704073e-03
1.830481342711410588e-03
2.071940570764549319e-03
1.993927206990491960e-03
2.101037168363632975e-03
2.093114776347658988e-03
2.343743819982192517e-03
2.437925124670647144e-03
2.073163661555649934e-03
2.188010050655145224e-03
2.436791440848590489e-03
2.344539652137198928e-03
2.683698824598977628e-03
2.574646878389802180e-03
2.927807390259779506e-03
3.207575907644360114e-03
3.218430975443677643e-03
2.791689711062005259e-03
3.502512262193245140e-03
4.005049555310730668e-03
4.012680681987839705e-03
3.305072092922250234e-03
4.889597199729123732e-03
4.621415322463372222e-03
4.236794457082295948e-03
5.298226127032031225e-03
5.191826146528791784e-03
6.445198066715189869e-03
4.670636647366255799e-03
5.991683431953104613e-03
5.434522550797504618e-03
6.582216081636761695e-03
8.995125535929852229e-03
8.215232516749130728e-03
8.309797393996535761e-03
8.120397284619487385e-03
7.283941209507018011e-03
9.295490156801656731e-03
8.095848840360336113e-03
7.524851120491895910e-03
1.421343703660207791e-02
1.146595730504046395e-02
1.488408599052131256e-02
1.387113364248695677e-02
1.148323080965489573e-02
1.028255793836438219e-02
1.180721710870093200e-02
1.689924119311749656e-02
1.931628849557844377e-02
1.292972532047826327e-02
1.407595996938508683e-02
2.654690010045853560e-02
1.579499636959962733e-02
1.976928899988438307e-02
3.092909976544844577e-02
2.345426415847567600e-02
4.223855894363730962e-02
2.031605257037805493e-02
3.349494718251548597e-02
2.852249568358509318e-02
2.996871715903622405e-02
5.287878745324992025e-02
2.592970683364637097e-02
5.295264356434314923e-02
1.793540047619410216e-01
4.874073388993590411e-02
6.172508862341243019e-02
6.817831167459878494e-02
2.531792476112288900e-02
4.527298523828487270e-02
9.161084553810226738e-02
3.045261070772182777e-01
1.022237708273227713e-01
1.236656721247829382e-01
1.051096094687143101e-01
2.224277069558925068e-01
5.315288014466890143e-02
1.158527581027399556e-01
5.930860566890298197e-02
1.161812355122888718e-01
1.161360978504147740e-01
1.050264447791863648e-01
6.359168593815907322e-02
6.071726022318271049e-02
3.107552975870622181e-01
1.248065517876375402e-01
9.630160093830653079e-02
4.363166478056324515e-01
3.660479989376500543e-01
2.240946407386848360e+00
4.614804429117030260e+00
2.285340525209975937e-01
2.045592429586794214e+00
4.206387183492256709e-01
1.378573718651777469e+00
8.140921360681052654e-01
6.444383090974588058e+00
1.409823709571134398e-01
1.180878223536314442e+00
3.796328794390262384e-01
7.710307415381992158e+00
2.888311706507811216e+00
3.399732833720907177e+00
6.069289833856022831e+00
3.487300449851132633e+00
1.998243457453121597e+00
5.578848565300320139e+00
