1.000000000000000056e-01
1.035321843295662070e-01
1.071891319205127840e-01
1.109752496412071826e-01
1.148951000187309196e-01
1.189534067370319470e-01
1.231550603292825563e-01
1.275051240713013234e-01
1.320088400831417874e-01
1.366716356462006621e-01
1.414991297434576023e-01
1.464971398307285677e-01
1.516716888470922842e-01
1.570290124729377124e-01
1.625755666443794156e-01
1.683180353330956669e-01
1.742633386009649898e-01
1.804186409392072310e-01
1.867913599020782911e-01
1.933891750455231096e-01
2.002200371815584523e-01
2.072921779595370828e-01
2.146141197858404126e-01
2.221946860939523760e-01
2.300430119772917947e-01
2.381685551976158166e-01
2.465811075822602616e-01
2.552908068239517214e-01
2.643081486974105387e-01
2.736439997074670560e-01
2.833096101839324144e-01
2.933166278390043624e-01
3.036771118035458406e-01
3.144035471591500319e-01
3.255088599835058161e-01
3.370064329271928449e-01
3.489101213406772817e-01
3.612342699709431559e-01
3.739937302478796854e-01
3.872038781812555119e-01
4.008806328898464333e-01
4.150404757850475468e-01
4.297004704320840363e-01
4.448782831127583992e-01
4.605922041145105728e-01
4.768611697714469355e-01
4.937047852839002715e-01
5.111433483440166459e-01
5.291978735958442481e-01
5.478901179593942405e-01
5.672426068491978057e-01
5.872786613189481253e-01
6.080224261649422868e-01
6.294988990221888070e-01
6.517339604882423920e-01
6.747544053110693385e-01
6.985879746785247368e-01
7.232633896483535718e-01
7.488103857590022727e-01
7.752597488629460187e-01
8.026433522257173658e-01
8.309941949353393253e-01
8.603464416684502014e-01
8.907354638610439634e-01
9.221978823334326947e-01
9.547716114208055771e-01
9.884959046625583223e-01
1.023411402105453227e+00
1.059560179277615921e+00
1.096985797892383596e+00
1.135733358343105071e+00
1.175849554052156298e+00
1.217382727739661386e+00
1.260382929679727315e+00
1.304901978014402220e+00
1.350993521198026404e+00
1.398713102647237916e+00
1.448118227674533687e+00
1.499268432786045491e+00
1.552225357427047259e+00
1.607052818261638372e+00
1.663816886076128210e+00
1.722585965398786501e+00
1.783430876931909381e+00
1.846424942895543486e+00
1.911644075385701802e+00
1.979166867853556333e+00
2.049074689815847172e+00
2.121451784910629801e+00
2.196385372416545856e+00
2.273965752357927528e+00
2.354286414322416476e+00
2.437444150122220599e+00
2.523539170434765833e+00
2.612675225563327874e+00
2.704959730463134093e+00
2.800503894183631104e+00
2.899422853882876794e+00
3.001835813575588929e+00
3.107866187782012179e+00
3.217641750250735289e+00
3.331294787934673707e+00
3.448962260405758151e+00
3.570785964900462517e+00
3.696912707195026293e+00
3.827494478516311194e+00
3.962688638701478361e+00
4.102658105827192259e+00
4.247571552536898665e+00
4.397603609302718652e+00
4.552935074866947929e+00
4.713753134116724475e+00
4.880251583654430902e+00
5.052631065335679850e+00
5.231099308056260888e+00
5.415871378079470944e+00
5.607169938205458060e+00
5.805225516094898452e+00
6.010276782070381962e+00
6.222570836730228372e+00
6.442363508721370202e+00
6.669919663030121626e+00
6.905513520162327445e+00
7.149428986597577307e+00
7.401959996915640438e+00
7.663410868007454191e+00
7.934096665797492065e+00
8.214343584919426178e+00
8.504489341802678126e+00
8.804883581643460744e+00
9.115888299750817936e+00
9.437878277775380909e+00
9.771241535346495866e+00
1.011637979766206996e+01
1.047370897959449820e+01
1.084365968689609794e+01
1.122667773510813660e+01
1.162322468679851895e+01
1.203377840777589292e+01
1.245883364295008100e+01
1.289890261253307990e+01
1.335451562929898728e+01
1.382622173764655038e+01
1.431458937523478525e+01
1.482020705798858629e+01
1.534368408930011718e+01
1.588565129428052636e+01
1.644676177994662680e+01
1.702769172225899652e+01
1.762914118095947913e+01
1.825183494319042410e+01
1.889652339691209804e+01
1.956398343517062699e+01
2.025501939230666437e+01
2.097046401323232701e+01
2.171117945694503248e+01
2.247805833548725118e+01
2.327202478960407461e+01
2.409403560239524467e+01
2.494508135230316626e+01
2.582618760682674619e+01
2.673841615839946684e+01
2.768286630392063685e+01
2.866067616948250318e+01
2.967302408188869478e+01
3.072112998861755884e+01
3.180625692794119175e+01
3.292971255097148031e+01
3.409285069746810848e+01
3.529707302730650298e+01
3.654383070957254631e+01
3.783462617131929306e+01
3.917101490809256603e+01
4.055460735840827624e+01
4.198707084443910276e+01
4.347013158125022159e+01
4.500557675700497384e+01
4.659525668664677056e+01
4.824108704165368522e+01
4.994505115855140076e+01
5.170920242896755070e+01
5.353566677410724139e+01
5.542664520663101513e+01
5.738441648302392650e+01
5.941133984965033932e+01
6.150985788580498337e+01
6.368249944718586164e+01
6.593188271333541195e+01
6.826071834272386241e+01
7.067181273927491247e+01
7.316807143427192273e+01
7.575250258771912115e+01
7.842822061337682271e+01
8.119844993184008786e+01
8.406652885618325399e+01
8.703591361485156597e+01
9.011018251665018397e+01
9.329304026284685847e+01
9.658832241158698650e+01
1.000000000000000000e+02
