2.112908262251730340e-01
1.465468900134402064e-01
2.112908262251730340e-01
1.426993674225735809e-01
8.303995825508524165e-02
2.112908262251730340e-01
1.711901466376990200e-01
8.796785161139863973e-02
1.716334762946123138e-01
9.071235816430089915e-02
8.410382138391114815e-02
6.694954968657892969e-02
2.112908262251730340e-01
1.151648282247307031e-01
2.112908262251730340e-01
7.503098398845477190e-02
2.994230998288693879e-02
8.966677290851216009e-02
4.848482919104737249e-02
6.934706427475871571e-02
1.092852708866398487e-01
3.872934875355104473e-02
3.548058463618816022e-02
3.504840871577590000e-02
2.466073529333777728e-02
3.418212894480967406e-02
3.433024690551617075e-02
3.147847235525544352e-02
2.957649028033048841e-02
1.563920175045154654e-02
1.940652284947823672e-02
1.708255163776399577e-02
1.459420569037233294e-02
1.363799318292806609e-02
1.215878166782445591e-02
9.126706678684700508e-03
7.250588974828667960e-03
7.046945131325295895e-03
7.578203836849062638e-03
5.544857127114999340e-03
5.624858871203466081e-03
4.797756563637752165e-03
4.144006997318572770e-03
3.317646444620983310e-03
4.287004331949861337e-03
5.494641954270782815e-03
3.591835499166332654e-03
3.764520322651836171e-03
2.786210442445353260e-03
2.803899091223072387e-03
3.155475046632221121e-03
2.610140874005523713e-03
3.099482079881811861e-03
2.204612471049364336e-03
2.529027666100840382e-03
2.116056947865398424e-03
2.097295079118147252e-03
2.144438581202732889e-03
2.221474186781096857e-03
1.872669303114987303e-03
1.862709740327738285e-03
1.619812153094776644e-03
1.835370967656811897e-03
1.711490555653169500e-03
1.525446794073363668e-03
1.381626565120648142e-03
1.711030684892404612e-03
1.652182915848519071e-03
1.620039568002088924e-03
1.572737487513817776e-03
1.559664083086649642e-03
1.454737314593424879e-03
1.231968718586754722e-03
1.351207303675932159e-03
1.246307601148158696e-03
1.245426997965616610e-03
1.442699549630072769e-03
1.483555761397089591e-03
1.564456289975758993e-03
1.378835555126331752e-03
1.267246522900651465e-03
1.296630889169480020e-03
1.390010959086237846e-03
1.432826174661459449e-03
1.510909006325059133e-03
1.566058847195337701e-03
1.672296088213153127e-03
1.735063543121561410e-03
1.620444757557048957e-03
1.522860929452753490e-03
1.630743563763117172e-03
1.663368107527061612e-03
1.741392238889689741e-03
1.879051161217250993e-03
1.451882845231005888e-03
1.842482470432479534e-03
1.985190691584243390e-03
1.666131546592122207e-03
2.003305429653763018e-03
2.251115320820526542e-03
2.444156972924368520e-03
2.247975430780749760e-03
2.271475305373368316e-03
2.353032951255214916e-03
2.804908858596033734e-03
2.331593588578461870e-03
3.105964383267906682e-03
2.622876713613428879e-03
3.386994404215479173e-03
2.996952869575205455e-03
3.200676007340509666e-03
3.471982265838798216e-03
3.595046358135927777e-03
4.909889764997944946e-03
3.828789224851762620e-03
4.596054959393206830e-03
3.431754694553571308e-03
4.394755605409758972e-03
4.708063820378073812e-03
6.182678611031982435e-03
4.728474128340591498e-03
5.432915530682610669e-03
5.529809693791820115e-03
6.155613568618229642e-03
8.237575804415487798e-03
1.332415092449536730e-02
6.873778297222680154e-03
7.842477635890344329e-03
1.004458882276315114e-02
1.154878571624538483e-02
8.782911044641943804e-03
1.254284524510653788e-02
7.802996560090435380e-03
1.093574161316232182e-02
8.204665901970293468e-03
8.935078399404898855e-03
1.705651438541706116e-02
1.734719573063473255e-02
1.313790968019495735e-02
1.415113246297987348e-02
2.567001781713132771e-02
1.499876181305038331e-02
1.671813855899509718e-02
1.194114565135985517e-02
2.170810636376429778e-02
4.558943690762566614e-02
1.500417423338155226e-02
2.653880441855387823e-02
3.451138269247728402e-02
1.933378355188565198e-02
2.832248871401070109e-02
1.439595109093491990e-02
3.225083965826451571e-02
3.311269183378997422e-02
3.195689521322179344e-02
2.828656648069944810e-02
2.510125862984435158e-02
2.104563436071083329e-02
4.753521262511521683e-02
3.686506221521611282e-02
1.076779907199647696e-01
4.544998013221834832e-02
9.877658692201991830e-02
9.701609215103829120e-02
9.976494616304770746e-02
3.121952115268244662e-02
1.229321339287116066e-01
1.258729214288619169e-01
2.822120052808287372e-01
4.798974008957222065e-02
4.610224487398224130e-02
2.564542249844925959e+00
1.108945881709658965e-01
7.430840515461527296e-02
1.647906366263776623e-01
1.062311499508309609e+00
1.405036883905724510e-01
2.249215856250956325e+00
4.106968107134909007e-01
2.453292287193595378e+00
1.063557613283121761e-01
1.612011529766154139e-01
3.967050671621387137e-01
6.199184448032878159e+00
4.836951899521667819e+00
3.761799051824542772e+00
9.754511632290570056e-01
3.955691613677337348e-01
1.559850494187190739e-01
2.666661480297314313e+00
5.239139378779099410e+00
9.812349757706947950e-02
1.380325315198529879e+01
3.253965438045445691e+00
5.573357270390324469e-01
3.000337401653246250e+00
7.605583094050938797e+00
6.709646590272194011e+00
9.969166725326383371e+00
4.475831572966982641e+00
