2.058878600000002727e-06
1.983178600000001487e-06
2.813938600000001814e-06
3.078778600000001213e-06
1.787342400000000939e-06
2.018458600000002105e-06
3.078778600000001636e-06
2.979538600000003667e-06
1.986738600000002347e-06
1.849078600000000518e-06
3.078778600000004177e-06
2.548618600000002717e-06
3.568518600000001626e-06
3.191698600000000718e-06
2.715638600000003111e-06
2.548618600000003988e-06
3.248158599999999411e-06
3.651498600000002651e-06
5.425618599999993129e-06
2.758418600000001962e-06
5.042878599999992284e-06
3.604522400000000751e-06
8.872118599999991387e-06
4.586938599999996104e-06
4.756858599999996503e-06
4.489178599999993672e-06
4.458176499999998972e-06
3.299840299999998111e-06
4.692862399999998703e-06
4.154780399999998795e-06
7.036134599999997887e-06
5.255316399999995436e-06
8.425422399999995540e-06
8.387478599999998344e-06
4.982990199999999581e-06
3.807854199999995219e-06
3.413904199999999609e-06
5.705470399999996649e-06
6.742282399999993559e-06
8.589958599999992042e-06
7.858707999999993267e-06
7.452221799999991398e-06
8.488070399999991827e-06
7.483182399999991835e-06
1.114093319999999372e-05
1.618363820000001273e-05
6.543187999999995738e-06
7.229101599999993053e-06
1.441870200000000526e-05
1.197616359999999226e-05
7.444845899999993562e-06
8.063021399999994332e-06
8.022378999999995447e-06
7.425502799999994374e-06
1.670464340000000339e-05
7.342964999999997381e-06
8.166833899999990722e-06
8.439503999999995286e-06
1.227076409999999080e-05
2.433681640000001764e-05
6.700910399999997574e-06
9.095491999999994265e-06
1.086547559999999575e-05
5.357288460000003645e-05
2.935172000000001042e-05
1.794969790000001511e-05
1.756274350000001634e-05
3.084034799999998115e-05
1.863798420000000293e-05
2.440924880000001779e-05
2.462623359999999463e-05
6.557622760000004158e-05
2.429810880000000855e-05
1.000525192000000473e-04
3.310822970000001675e-05
7.121181890000000863e-05
5.611725860000002741e-05
7.114354579999999668e-05
3.720306506800000884e-05
7.501908746800008175e-05
1.430283874680000271e-04
1.379416085000000210e-04
1.385961953999999990e-04
4.547731816799997437e-05
1.287288002000000844e-04
1.658586324000000799e-04
1.871526562340000558e-04
1.189330600000000529e-04
8.999005883399999281e-05
1.278163796000000309e-04
1.787502342000000589e-04
9.513744653400000965e-05
1.482243509339999815e-04
1.348184597340000102e-04
1.890621318000000454e-04
1.019030544340000490e-04
1.950224337340000411e-04
2.701201133999999978e-04
1.943370077680001032e-04
2.140054351340000887e-04
5.791865323399996985e-05
1.729639584000001128e-04
1.947790140680000334e-04
3.185517813339999206e-04
1.440255287999999811e-04
1.059900696000000322e-04
1.767643109680000653e-04
2.565987876000001095e-04
1.733678913340000525e-04
2.652780651999999979e-04
1.668464951000000140e-04
1.087949068000000543e-04
1.459792388680000253e-04
3.136691395999999981e-04
7.853663660000001793e-05
1.193312905999999553e-04
1.252726455340000093e-04
1.816840963999999793e-04
2.654259388000000468e-04
1.905853748000000693e-04
1.165373570000000092e-04
1.683534480000000453e-04
1.513487448000000370e-04
1.014978293000000169e-04
1.892589013340000405e-04
2.323992244000000148e-04
2.056390090000000191e-04
2.168279338340000663e-04
5.867045859999998799e-05
4.070202419999997947e-05
1.687905262000000920e-04
1.228634888999999850e-04
1.010463480000000134e-04
9.078387893399997798e-05
9.305440240000000668e-05
2.359915340000000186e-04
3.686165819999998115e-05
1.293961762000000039e-04
1.106840538999999954e-04
1.195947711339999918e-04
1.107646642000000118e-04
4.520630419999998169e-05
1.501760411339999809e-04
3.012150599999999248e-05
1.029148663999999996e-04
5.206643400000000654e-05
1.292338620000000056e-05
1.677317760000000000e-04
1.661691499999999979e-04
9.619825189999998028e-05
4.017012459999999877e-05
8.306658789999999738e-05
1.330813600000000068e-05
3.460319399999999787e-05
3.145993399999999978e-05
5.728195799999999648e-05
1.676063600000000193e-05
1.055240000000000091e-08
5.538316000000000423e-06
1.288254299999999901e-04
7.100488000000000550e-06
3.807117400000000461e-05
5.533956199999999381e-06
2.776516000000000032e-05
1.746491400000000447e-05
4.076074000000001219e-06
2.319645799999999901e-05
4.761233999999999924e-06
7.213273999999998897e-06
3.138058000000000102e-05
4.185978000000000904e-06
0.000000000000000000e+00
9.691851599999999416e-05
3.849159999999999773e-07
3.562007619999999213e-05
2.779991600000000172e-05
2.326511219999999791e-05
3.249778933999999813e-06
1.739388000000000159e-05
2.361727619999999924e-05
3.461780000000000337e-06
3.514380000000000266e-07
6.370200000000000224e-07
5.798303999999999932e-07
0.000000000000000000e+00
2.679279999999999867e-05
1.589799999999999849e-07
0.000000000000000000e+00
0.000000000000000000e+00
0.000000000000000000e+00
3.849159999999999773e-07
1.924579999999999887e-07
1.672065800000000250e-05
0.000000000000000000e+00
2.838200000000000096e-07
0.000000000000000000e+00
0.000000000000000000e+00
3.415399999999999860e-05
0.000000000000000000e+00
0.000000000000000000e+00
