1.161714540000000049e-05
1.217635140000000158e-05
1.238705679999999613e-05
1.120407620000000939e-05
6.696665399999990299e-06
1.235017619999999830e-05
8.922076200000001426e-06
9.764980800000003724e-06
1.033485879999999278e-05
1.056079680000000424e-05
1.764981420000003031e-05
1.371716220000000744e-05
2.772897820000003185e-05
1.080624899999999392e-05
1.484866820000002507e-05
1.237775680000000115e-05
1.602436020000001598e-05
2.593379820000005085e-05
1.924591420000003694e-05
2.572934160000002669e-05
2.920742420000003027e-05
3.391654040000001571e-05
6.168149550000008802e-05
3.345320680000000280e-05
3.337352040000003662e-05
5.100070160000003404e-05
1.349607469999999920e-04
1.221312058000000749e-04
4.427300839999998927e-05
4.570233839999996768e-05
5.705658030000003927e-05
8.047990710000012108e-05
5.087517379999996210e-05
6.569911780000005613e-05
1.323523853999998058e-04
1.761939211999998792e-04
1.591484373999998883e-04
1.174952406000001409e-04
7.782668800000012055e-05
2.141087701999998239e-04
1.783366875999999089e-04
3.326029179999998400e-04
1.849454448999998690e-04
2.148803326999998225e-04
2.133472340999998718e-04
1.901421835999998376e-04
2.485065198999997964e-04
2.156415047999996840e-04
2.303568458999999229e-04
2.196677552999999757e-04
3.423239277999998685e-04
4.005662488000001197e-04
5.083317470000009138e-04
4.248228771000005319e-04
4.808463566340003231e-04
4.586529987340003806e-04
5.110145599000003426e-04
6.428260730000020812e-04
5.129903431340006575e-04
4.834283551340004884e-04
6.322182766000004287e-04
7.680737149000005023e-04
8.974707630339999551e-04
7.204086464000000051e-04
7.248939717000004107e-04
7.729713515000006651e-04
7.295123396000005502e-04
1.152228445800000363e-03
6.423336253000008289e-04
6.564912102680003176e-04
8.230835734000013695e-04
8.584241211680014062e-04
9.182824780679998749e-04
8.370489565680006580e-04
1.339944736599998692e-03
1.337723926133999866e-03
8.245638474700003710e-04
1.289140785099998935e-03
1.364487749933999180e-03
1.285134455299998283e-03
1.603750731301999783e-03
1.194589042533999784e-03
1.255896825768000689e-03
1.288645734667999768e-03
1.213864861533999785e-03
1.291760668999999582e-03
8.423957171340003096e-04
1.301227119933999433e-03
1.360091434933998877e-03
1.197971941133999874e-03
1.337613491333999828e-03
1.618901763035999466e-03
1.252252327933998889e-03
1.262988579933999739e-03
8.244539703680000935e-04
1.303124942433999019e-03
1.091772415801999570e-03
8.651552118339990655e-04
1.090792143436000857e-03
9.240406643019996894e-04
1.154624874968000108e-03
1.362815318867999573e-03
1.187945642533999461e-03
1.141049091502000087e-03
8.472449257360004787e-04
1.328509044034000041e-03
9.440846958680001403e-04
9.032990205999998816e-04
9.878073034000000533e-04
8.307404266679994931e-04
6.659027861000002069e-04
1.035368994799999807e-03
1.045660813934000182e-03
8.133751534020001658e-04
8.790975114680003475e-04
7.266495736020005345e-04
9.051737772000004309e-04
7.135494483999999188e-04
6.267576828680002403e-04
4.618977093999996394e-04
6.825126306000001966e-04
7.397007709999995576e-04
4.870118738679998565e-04
6.114373557339998141e-04
5.049128602999999058e-04
5.438653563999998287e-04
5.649187639999996317e-04
4.779778128000001375e-04
4.799067541999998661e-04
4.576934111339997393e-04
3.992631280000000465e-04
4.944781333339996754e-04
2.994626700679997437e-04
3.386822883999999882e-04
2.980102403999997942e-04
3.307033015999998114e-04
2.140719603339999075e-04
3.485194301999998520e-04
4.277042723339999114e-04
2.472269421999998993e-04
3.130311955999998661e-04
3.303495000679999394e-04
1.833931446000000077e-04
1.955230873999999890e-04
4.598092527999998887e-04
2.030204509999998692e-04
2.566109365999999200e-04
2.592683361999999127e-04
1.295106980000000282e-04
1.190512388000000335e-04
1.026918245999999867e-04
7.731548839999999550e-05
1.589035011999999662e-04
1.456908111339999968e-04
9.653214853399999019e-05
6.491825340000000272e-05
7.294536620000001165e-05
6.770019360000001005e-05
2.220751153999999848e-04
5.574408620000001225e-05
5.106158020000000101e-05
2.706052159999999316e-05
9.072023799999997951e-06
8.924662200000002082e-06
4.201256620000000180e-05
1.512473516000000342e-04
9.787629140000001881e-05
6.418883320000000467e-05
6.486338939999998921e-05
1.204928640000000147e-04
5.910564999999999542e-05
8.988896200000002254e-05
4.134736800000000240e-05
2.698105140000000063e-05
1.574178093400000283e-05
5.191100679999999403e-05
7.435118000000000258e-06
5.641552600000000674e-05
1.497306400000000054e-05
1.101905700000000132e-04
1.498582739999999833e-05
4.689807999999999771e-06
1.467303200000000253e-05
1.686178000000000079e-06
1.579209379999999712e-04
8.651887599999999695e-05
2.913228939999999855e-05
3.180987539999999985e-05
2.587717999999999879e-06
3.956768799999999778e-05
7.422847999999999950e-06
1.244527999999999827e-06
1.111680600000000315e-05
4.190679799999999782e-05
4.408979999999999925e-06
1.443721199999999909e-05
2.512927999999999617e-06
4.246108000000000106e-06
2.717965999999999974e-06
1.752489999999999886e-06
