2.479593799999999475e-06
2.035723799999998082e-06
1.651063800000000142e-06
1.574213800000001674e-06
1.687133800000000755e-06
2.169563799999999497e-06
2.518623799999999421e-06
2.331703799999999015e-06
1.979263799999999388e-06
2.993683799999996530e-06
2.497233800000000207e-06
2.270973799999999344e-06
1.494905699999999791e-06
2.790792749999998929e-06
3.011033799999996880e-06
2.829363799999997822e-06
1.932252749999998760e-06
3.572413799999998272e-06
1.969643799999999809e-06
2.902283799999997710e-06
2.822872749999996765e-06
3.240653799999999859e-06
3.845375699999995771e-06
3.035413799999996467e-06
6.577446549999996186e-06
4.000033799999995373e-06
3.500304549999994876e-06
4.414493799999997670e-06
3.844055699999996603e-06
4.730716499999993655e-06
3.335610399999997794e-06
8.286543800000010005e-06
4.439357599999997186e-06
4.357607599999995809e-06
4.223513799999995307e-06
8.912180450000003394e-06
5.435509799999993926e-06
6.579656599999994903e-06
7.026708499999993983e-06
6.367592399999990883e-06
9.825085700000030884e-06
6.723949349999998079e-06
7.934228150000003423e-06
1.049615460000002376e-05
7.495342299999998908e-06
6.537887999999994281e-06
1.134866940000004091e-05
1.063779295000001702e-05
1.131079210000002024e-05
1.308740480000000836e-05
1.036390490000000803e-05
5.612503566999995731e-06
1.212052980000001602e-05
1.090846735000001120e-05
8.836839867000009023e-06
9.798497500000007739e-06
1.471599475000003051e-05
1.382733455000001431e-05
1.487445329999999921e-05
1.428377685000000680e-05
2.869720536700001012e-05
1.699001841700000610e-05
3.168490774999995429e-05
1.592653494999999729e-05
2.726450780000002196e-05
4.901310860000005241e-05
1.739785005000000400e-05
3.262597713400006280e-05
2.009843056699999169e-05
2.607789151700001213e-05
6.093745351700002584e-05
2.912124530000001986e-05
6.894413876700000254e-05
3.983902785000000517e-05
4.638924385000000602e-05
4.126742080000003206e-05
4.416611781700009682e-05
9.089233055099995261e-05
4.407417418400004673e-05
4.498605733400002108e-05
1.248516308500001286e-04
1.093526818670000029e-04
6.207820700000002423e-05
4.674251940000006118e-05
9.962819219999997694e-05
9.910484159999999527e-05
2.121108498170002179e-04
1.526600823510001700e-04
1.329882140000000475e-04
1.457969218500000739e-04
2.402390284170000914e-04
1.431761199670001327e-04
1.828887089670002341e-04
2.159717245010001237e-04
1.392270102680001143e-04
2.116675601669999892e-04
1.536804743500000674e-04
2.184239587000000348e-04
1.990872679670000703e-04
1.862644981670000873e-04
1.596620657670001395e-04
2.057367118670000634e-04
1.757252992840000643e-04
1.525762911340000703e-04
2.359933648839998479e-04
1.752774402669999903e-04
2.157114068169999771e-04
2.080676149510000733e-04
1.969606334670000311e-04
2.311860922840000272e-04
1.655694220000000349e-04
1.883893088000000986e-04
1.696538872340000242e-04
1.571128719000001387e-04
1.360070227670000644e-04
1.799400028340000855e-04
1.360463388669999900e-04
2.444979144009999466e-04
2.115206688670000158e-04
2.270426966839998771e-04
9.168521670000008062e-05
1.946565711170000204e-04
1.764217809000000561e-04
1.321568216339999858e-04
1.422651879669999640e-04
1.016501392670000225e-04
2.279145897999999501e-04
1.399185080669999815e-04
1.116476352669999847e-04
1.238228837670000331e-04
1.611764264000000422e-04
1.619700618670000172e-04
8.353509886700004176e-05
1.711903440499999891e-04
7.239678786699999620e-05
1.062900970670000274e-04
1.228201380670000187e-04
4.259243986699998955e-05
6.661502340000003493e-05
1.177390474499999894e-04
1.234480260340000031e-04
9.086997934999998193e-05
7.258741520000002020e-05
1.340660945499999774e-04
2.961082504999998848e-05
3.064667500000000419e-05
2.961359409999999564e-05
4.689570076699998784e-05
5.412639400000000096e-05
5.527173109999999775e-05
5.125656210000001438e-05
6.751309010000000003e-05
8.447767200000002306e-05
5.712551110000000222e-05
2.900680509999999335e-05
3.778416110000000147e-05
4.187555120000000528e-05
3.197211519999999590e-05
5.652251310000002728e-05
1.781813999999999742e-05
3.707147799999999208e-05
1.916674699999999920e-05
3.704735499999999048e-05
8.142316999999999787e-06
2.492206999999999600e-06
4.174353110000000080e-05
2.105006609999999885e-05
1.930734610000000141e-05
2.553786156699999738e-05
3.643871599999999768e-05
3.371628799999999482e-05
3.976648199999998841e-06
4.790214000000000280e-06
3.974514299999999759e-05
1.127401700000000235e-05
6.679694999999999410e-06
2.359598500000000139e-05
3.102462200000000042e-06
1.616275109999999802e-05
8.723879999999999897e-07
1.182198500000000198e-05
4.177690000000000400e-07
2.632640999999999863e-07
3.032459999999999614e-07
1.266164200000000077e-05
2.183999999999999757e-06
1.710829799999999799e-05
1.455643999999999780e-05
4.858997999999999925e-06
1.463379999999999966e-07
9.622899999999999433e-08
3.168900000000000007e-08
8.026850000000000702e-07
4.050470000000000667e-07
1.964099999999999965e-07
6.259600000000000015e-08
9.886709999999999993e-08
3.129800000000000007e-08
6.560478999999999330e-06
4.177690000000000400e-07
