8.392241866666724963e-06
1.260056653333327839e-05
1.140423726666661354e-05
9.795542733333386629e-06
1.940038879999995747e-05
1.117165813333333687e-05
1.513424059999992777e-05
1.444625553333329860e-05
2.235301153333344926e-05
2.285691100000020811e-05
1.955442773333337104e-05
1.142214013333330755e-05
2.331218400000013526e-05
3.212166440000023283e-05
1.719412226666666864e-05
1.801971446666664054e-05
2.918852966666688934e-05
2.861488876666678640e-05
4.621286820000002201e-05
4.991887949999978451e-05
3.914628856666654139e-05
6.607778679999963480e-05
3.243999793333348139e-05
3.962596386666671885e-05
6.871939779999974526e-05
4.712112679999990090e-05
6.392289356666643594e-05
1.056114267999999667e-04
6.990715676666642742e-05
1.272689808000001242e-04
8.143142719999984895e-05
8.106071366666653432e-05
1.443790124000000343e-04
1.455771932000002745e-04
1.383332718000001552e-04
1.428719464666668485e-04
1.805668707333342904e-04
1.714958117333340568e-04
1.481050945666670436e-04
1.851422324666674270e-04
2.326135115000012397e-04
2.414679501000010174e-04
2.726653859333344498e-04
2.738900556000012690e-04
2.504172832333348008e-04
3.541724216999999350e-04
2.510289666000014111e-04
2.820646716000016333e-04
3.519157045000004995e-04
4.306274336999996828e-04
3.003843801666671921e-04
3.626732691999991947e-04
5.685171370666648131e-04
4.953704063666650040e-04
4.381499714779999691e-04
4.660062140333322733e-04
4.572489648333330709e-04
4.973365958999990738e-04
6.036573053446660665e-04
6.728981439333324909e-04
7.630573742113320969e-04
6.066822522333316500e-04
7.864241275666655415e-04
6.745820922113322793e-04
8.142667518673331632e-04
8.729453338226658785e-04
8.655568491559992783e-04
8.544911527999990821e-04
1.002321234433333234e-03
1.030355698166666133e-03
9.484806408666656427e-04
1.161956350033999628e-03
1.072157518267333578e-03
1.071785866067333096e-03
1.076314946566666068e-03
1.199285444056002277e-03
1.012505863889334766e-03
1.065111878622667556e-03
1.200095811811333849e-03
1.088961372000667085e-03
1.048356132767999790e-03
1.143688404412001192e-03
1.149101179700666052e-03
1.238760954934002524e-03
1.183512796567334074e-03
1.314972409912002101e-03
1.349118152978671025e-03
1.134460994145333442e-03
1.220318339434001923e-03
1.182869754744669995e-03
1.070898352611333176e-03
1.055123176200001246e-03
1.065351483344667213e-03
1.294140422956002083e-03
1.275705890234000691e-03
1.098073970056666479e-03
1.142770545244667976e-03
1.009329925233999224e-03
9.773279539113319259e-04
1.004385456777999756e-03
9.124864283893348608e-04
1.068737409567334633e-03
9.768097709339988548e-04
1.127227083567333352e-03
9.967697139340000231e-04
8.894691537673330047e-04
8.395907394666669117e-04
8.512275790119993440e-04
8.228124509006660026e-04
6.780416998673344372e-04
8.677665543786660871e-04
7.971068763113328594e-04
8.999980115893334949e-04
8.751312207113334535e-04
6.809369408113338275e-04
6.875183543779994112e-04
8.215103918226664484e-04
6.552358428666661076e-04
5.453217614999995378e-04
6.726715088226659783e-04
6.882555854560000073e-04
5.674535467559992975e-04
5.771111746226665305e-04
5.829824509446662750e-04
6.317642687999995565e-04
4.988194979333330841e-04
5.967766138453332132e-04
4.331927508000000203e-04
4.561599488666665892e-04
4.831928019999996867e-04
3.267561766893336151e-04
3.907196820666666392e-04
4.376673884000001867e-04
3.447212392000000123e-04
3.753759609446666702e-04
2.718943482666667084e-04
3.363168419779999862e-04
2.160055886446665013e-04
3.031674607333334492e-04
3.480505900000001123e-04
1.607854629333333092e-04
2.046991102446667481e-04
1.433532080666666058e-04
1.365722815999998894e-04
2.748002640333334573e-04
2.505414942000002711e-04
1.648550564666665947e-04
2.403725346666667163e-04
9.852074251133325993e-05
1.590573927780000035e-04
1.109595837113332080e-04
8.778756531133327233e-05
9.249185599999997377e-05
1.097451486666667191e-04
8.743862026666661370e-05
1.481358961333333144e-04
8.364673886666663960e-05
1.007891530446665803e-04
9.594415064466662387e-05
7.644513719999998177e-05
4.692488139999998956e-05
4.495441784466663290e-05
4.572936606666668012e-05
5.424449331133332909e-05
3.764497299999998209e-05
8.069354039999995765e-05
2.455711046666666613e-05
3.643470004466666158e-05
2.927497360000001951e-05
6.372075139999999380e-05
6.591745833333334883e-05
2.360232186666667302e-05
3.226375660000000366e-05
6.200592180000000578e-05
4.119256473333332693e-05
2.673580986666666988e-05
2.262811846666666670e-05
2.968699160000000056e-05
5.214457319999999811e-05
1.392301406666666525e-05
1.426455933333333155e-05
4.225887713333334000e-05
2.173572399999999823e-05
3.334163340000000959e-05
2.939405779999999549e-05
6.869938733333334434e-06
1.083463826666666501e-05
3.959376000000000765e-06
2.279869266666666682e-05
3.052156780000000530e-05
2.154515333333333627e-06
4.077382666666667163e-06
1.244981453333333361e-05
1.015635599999999950e-05
1.611765333333333402e-06
5.331407333333330043e-06
2.332795333333333129e-06
2.826183333333334291e-06
3.486646466666667441e-06
1.552259333333333425e-06
