1.753984599999996715e-06
1.320704599999998383e-06
1.512731266666667505e-06
7.623312666666684093e-07
1.577264599999999405e-06
1.503557933333331676e-06
1.559231266666665705e-06
1.452610566666665193e-06
1.899671266666663372e-06
1.629164599999994410e-06
1.501404599999997136e-06
1.885890566666662466e-06
1.951531266666662779e-06
1.742557933333329515e-06
2.380291266666662550e-06
2.071877833333328609e-06
3.314217933333329177e-06
2.579604599999996190e-06
2.737817933333326953e-06
2.829675066666659994e-06
3.364117933333326785e-06
3.526830566666662759e-06
3.219063266666659574e-06
3.356711266666658954e-06
3.987875199999992593e-06
3.428004599999992590e-06
3.563090533333325775e-06
4.249817933333324505e-06
4.783557933333343047e-06
5.790171833333332722e-06
5.719533166666664342e-06
5.609577933333342128e-06
4.628377866666663619e-06
4.226363266666664312e-06
3.797876299999992473e-06
5.957227200000022759e-06
5.651065800000008063e-06
5.865904200000015265e-06
6.804490300000011642e-06
7.413217800000031980e-06
7.733927800000024375e-06
1.037905133333334625e-05
6.328834933333341195e-06
9.040824600000012061e-06
7.720344833333353112e-06
8.241511433333355814e-06
7.530032733333354003e-06
8.263564100000035328e-06
1.206669276666665499e-05
1.935255634466668951e-05
9.345510033333358292e-06
1.159789123333331786e-05
9.253383600000013561e-06
9.798990433333354934e-06
9.899880511333341345e-06
1.432778399999998798e-05
8.910461266666687308e-06
8.488624100000014501e-06
1.432001424466664088e-05
3.026160224466681924e-05
1.468617566666663581e-05
2.605018265600013026e-05
2.041903136666670232e-05
4.470228744466655938e-05
4.583102854466664610e-05
1.560296549999998491e-05
3.408117051133338643e-05
2.855028187800002262e-05
3.438483271133333332e-05
5.372851417800002054e-05
5.114116916666657279e-05
4.111098862266666611e-05
5.751112956733322703e-05
3.478137783333337771e-05
5.728374591133322222e-05
4.925869157799998773e-05
6.652241872266663122e-05
7.265921436666663983e-05
8.348756344466677333e-05
7.776484581133340300e-05
8.036735671133344303e-05
8.486250206666673933e-05
1.254891073446667967e-04
1.304118563333334893e-04
9.542012894466677048e-05
8.295000426666676943e-05
1.261864052340002740e-04
8.113657330066668201e-05
7.540694064533334264e-05
1.581464779673333689e-04
1.642154983780000821e-04
1.698382985446667264e-04
1.473195690453335083e-04
1.947694234113333839e-04
1.537773046786668598e-04
2.009712189226667896e-04
1.483579399893334165e-04
2.040480334239999996e-04
2.424173754113332659e-04
1.972716328333334814e-04
1.627533558113334320e-04
1.469099367340000726e-04
2.069500418226665481e-04
2.019890051446667498e-04
2.676593313446665005e-04
2.649084193779996724e-04
1.973994438673333355e-04
1.720258767673333168e-04
1.765642635333332974e-04
2.003608628779999948e-04
1.513057481226667508e-04
1.544771631226666653e-04
1.757317292779999023e-04
2.320877212779998264e-04
1.496334498006666113e-04
1.518528952006666696e-04
2.009945130333332575e-04
1.365831962226666857e-04
1.695224781333334028e-04
1.646889398673333400e-04
1.540751778446666374e-04
1.869245295446667033e-04
1.904743594893333679e-04
1.815933991999998465e-04
2.100885052666667612e-04
1.386556692666666426e-04
1.111097189113333870e-04
8.632053031133336677e-05
1.389766811999999644e-04
1.265781731333333467e-04
1.379738247113333250e-04
1.008348247340000101e-04
9.706215653333336024e-05
9.400240277800001130e-05
1.417767050560000258e-04
1.030368058446666518e-04
1.017170272779999428e-04
8.408123011133333228e-05
6.189202486666666478e-05
8.676638180000003807e-05
8.453928563333336290e-05
6.824278397800000596e-05
1.181221611333333117e-04
5.754532026666666733e-05
7.077274506666666727e-05
6.341658613333332002e-05
6.294095742266670476e-05
2.130746784466666443e-05
5.907246213333335700e-05
6.490493953333334920e-05
1.026685887333333384e-04
7.969068340000000589e-05
4.761746286666667505e-05
2.891487479999999151e-05
7.575040279999999051e-05
5.051772280000001240e-05
4.930999746666666196e-05
3.144013564466665900e-05
5.247878473333334235e-05
3.648905133333333174e-05
5.179238413333333858e-05
5.099404831133333416e-05
3.244826673333332882e-05
2.817595933333333358e-05
2.637268037800000054e-05
2.565958666666666877e-05
4.427382000000000092e-06
1.598909266666666683e-05
8.035770200000003072e-06
2.681859000000000372e-05
1.501216339999999855e-05
1.959903984466666914e-05
1.638465273333333412e-05
1.980811273333332658e-05
1.474807673333333422e-05
1.837685164466666544e-05
1.526399866666666567e-05
8.262293400000001120e-06
1.839359133333333813e-05
2.176523206666666708e-05
1.010163866666666348e-05
3.161310133333333652e-06
1.176906266666666617e-05
2.159580000000000072e-07
6.415266666666666289e-08
1.339443799999999896e-05
7.890149999999999326e-06
9.017526666666666193e-07
1.971767266666666222e-05
8.518013333333334140e-06
9.510819333333333931e-06
2.739199999999999964e-06
1.528279333333333275e-05
2.717900666666666002e-07
8.156832666666666705e-06
6.415266666666666289e-08
2.175751333333332825e-06
2.785126666666667110e-07
0.000000000000000000e+00
1.284712999999999892e-07
