9.527721900000049647e-06
1.082264320000004865e-05
1.071976550000005172e-05
1.596966650000001249e-05
9.597963500000047853e-06
9.932459200000036845e-06
1.251741150000007242e-05
1.161649320000005461e-05
1.219107020000004611e-05
1.211622160000005901e-05
2.001775419999997363e-05
1.803585489999998291e-05
1.888980719999994816e-05
2.242792489999992814e-05
1.952846499999995466e-05
2.416188669999994526e-05
2.583693099999996413e-05
2.997575529999999688e-05
2.001623069999996937e-05
2.999614080000004195e-05
3.695034210000016679e-05
4.997612200000015346e-05
3.438443340000003288e-05
3.272654670000004699e-05
7.482833919999987095e-05
4.234305510000011490e-05
5.344428450000010859e-05
7.806130769999975393e-05
8.718358099999969297e-05
1.021380527999997276e-04
7.757923729999967495e-05
9.057184819999969535e-05
9.650911539999973041e-05
8.717859854999980432e-05
9.964895159999971857e-05
1.250848219999997754e-04
1.187178547999999026e-04
2.223010960000002651e-04
2.191863789000000646e-04
1.552825358999999081e-04
1.361739829339997767e-04
1.473749724999997754e-04
2.042998883499998880e-04
2.029881216999999331e-04
1.729685926999997988e-04
1.761050961999998114e-04
1.918262217999998375e-04
2.722572840000011749e-04
3.130710240500008670e-04
3.234440953670010143e-04
3.653656565000008827e-04
2.994855307000005972e-04
3.441928502670010132e-04
4.058152141500012428e-04
3.680412920170013954e-04
5.181688859000005507e-04
5.529346999000003034e-04
3.575457991840009521e-04
4.890856571000006025e-04
3.646465143500009502e-04
4.091808493500004697e-04
6.028183916499998398e-04
6.754392366499999524e-04
6.269196506839991734e-04
8.278911955169990537e-04
8.515350278999996372e-04
7.793836263000010391e-04
6.829679803500002169e-04
7.472108381339994830e-04
8.084203147509979584e-04
8.571173014169999882e-04
7.931957227999991179e-04
9.277961550339976216e-04
9.654651709669987911e-04
1.031667001266999093e-03
9.353536214999997808e-04
1.013453098600000223e-03
9.557647126339998854e-04
1.123223138249998705e-03
1.216980907716998456e-03
1.025196079833998707e-03
1.245567123649999469e-03
1.015890175367000414e-03
1.293468645499999464e-03
1.089113525634000795e-03
1.099618112667000202e-03
1.252737440317000387e-03
9.268990915680007034e-04
1.358879046134001253e-03
1.032541513467000573e-03
1.127528432233999497e-03
1.197973050067000205e-03
1.281608276550000184e-03
1.191014743650000525e-03
1.147732150250998758e-03
1.046010918367000931e-03
1.086145878299999302e-03
1.044111971166998510e-03
1.258251591999999747e-03
1.143406411783999934e-03
1.017536070300999922e-03
1.265624476616998822e-03
9.514094083009998464e-04
1.175656408716999664e-03
1.047159647666999439e-03
9.001742397670004208e-04
8.780604637000000070e-04
8.248514544499990428e-04
8.245913691009996082e-04
9.257549158009996913e-04
6.186450340340000345e-04
8.270875940340001627e-04
8.010433846999998097e-04
8.488415689669994097e-04
6.143644143669998612e-04
6.883501809499990246e-04
7.473818496010000995e-04
7.432404333670001011e-04
6.114719765009998939e-04
7.100620385339996869e-04
6.529706559669999069e-04
5.716842408669999941e-04
6.233549146510000217e-04
5.313106429009994795e-04
5.552125225339999250e-04
4.552215018670001173e-04
4.303711090670001992e-04
3.186821999670001347e-04
4.152736055499997581e-04
3.704845884000002444e-04
2.951406490999999833e-04
4.099579878670002973e-04
3.618082971170000326e-04
3.885591568000001939e-04
2.848030483169999003e-04
2.933842015500001004e-04
1.923919937999999568e-04
2.289805231669999491e-04
4.402198956170002078e-04
3.415524708999999413e-04
2.111236382670000076e-04
2.329389527999998393e-04
2.084787855999998803e-04
2.727702702670002730e-04
3.279500560669999765e-04
1.812759803999999548e-04
1.488356531999999424e-04
1.068068523000000058e-04
1.585988699669999978e-04
1.972349446999998571e-04
1.456245777999999982e-04
8.182558450000001929e-05
4.979467736700000599e-05
1.942295383999999574e-04
1.587676266000000017e-04
1.163778288999999628e-04
1.756988919999999906e-05
1.262223310999999821e-04
3.848426900000000882e-05
8.854526309999999779e-05
8.953585450000000332e-05
7.246994659999999081e-05
8.417944109999998597e-05
8.135886379999999617e-05
8.421551840000001624e-05
6.867355060000003943e-05
3.471543069999999290e-05
7.565710370000002763e-05
1.001615340000000198e-05
3.096774409999999690e-05
3.631011900000001542e-05
1.064201510000000176e-05
3.845640610000000133e-05
6.606510400000001663e-05
6.764789299999999399e-05
1.944856909999999889e-05
1.050297004000000150e-04
3.810356570000000446e-05
4.753248700000003096e-06
4.862185400000000368e-05
2.987780169999999436e-05
1.782046709999999786e-05
5.354062000000000340e-06
2.961141970000000237e-05
9.011445566999998772e-06
9.104734700000000349e-06
2.128743600000000067e-05
7.960518000000000344e-06
8.670145699999997859e-06
1.423714550000000075e-05
1.854763899999999842e-05
4.890394000000000056e-06
2.642611999999999814e-06
1.723630140000000216e-05
4.265268000000000444e-06
1.315037000000000078e-06
2.487582799999999984e-05
2.521761000000000130e-06
2.569744999999999483e-06
6.164295700000001344e-06
