7.436000656323121794e-01
8.790771761869448087e-01
6.687817464735842377e-01
1.037362933958765998e+00
2.925020462101949326e-01
2.667837069647185366e-01
4.001595927793459295e-01
4.708223726707309043e-01
1.215690521654251427e-01
1.400506356368111383e-01
1.074047943429047025e-01
2.065738507517558553e-01
1.012907934270063093e-01
1.433064606902321458e-01
1.672247550523776605e-01
9.412838392328715109e-02
9.480791309830761959e-02
1.819376924025268294e-01
8.763415728399823190e-02
1.706528595354916134e-01
6.704639372315206181e-02
1.276224553394381955e-01
8.886320889680278390e-02
6.368026023967775229e-02
9.359755366990384073e-02
7.568618078880745559e-02
6.452937548723064465e-02
6.678395653910439156e-02
9.384700943856397193e-02
4.198371367053976844e-02
6.241044629401603511e-02
4.787158603181537742e-02
6.603378955526620353e-02
5.087323245635289731e-02
4.011583552776665923e-02
3.855077685114999264e-02
2.421509530137475399e-02
3.214243831998568612e-02
2.061376677261895704e-02
1.815097227644468791e-02
4.371443504562577687e-02
3.236631829776293046e-02
2.282146709189686665e-02
2.704555619277799333e-02
2.587140932534575527e-02
2.460574424880369523e-02
1.382624796229689305e-02
1.561445289434753962e-02
1.880466968210006001e-02
3.047250837883167668e-02
1.366999587220736265e-02
1.444221820874657704e-02
1.713566851389576595e-02
1.940304200056106043e-02
1.144365633916271004e-02
1.336637274391528664e-02
1.015011164538218678e-02
1.648200235628724877e-02
1.244418000539881421e-02
9.857359003931830121e-03
1.277347921090119312e-02
1.153313174040140020e-02
9.447849473401933457e-03
1.151800376026062764e-02
1.146337036914437529e-02
1.352755200607664264e-02
7.889456764984401765e-03
9.519977558811296495e-03
8.133392412076946923e-03
1.024980146669030381e-02
1.146114943568429280e-02
9.489760068627834180e-03
1.085104347959319447e-02
1.285070830383676366e-02
1.367633402199834591e-02
9.967470531049399743e-03
9.619513445320710537e-03
1.339316937791256400e-02
1.204243739394674113e-02
9.949902373054906463e-03
9.416359632792454734e-03
1.200534752581383993e-02
9.780035895583133118e-03
1.124106314374339471e-02
9.944342075327464864e-03
1.489441111557609707e-02
1.069439661313935884e-02
1.365367214915673769e-02
1.017285863513745642e-02
9.881692600269664783e-03
1.330845341331003163e-02
1.155065396222054556e-02
1.528771254978584723e-02
1.451459021337069867e-02
1.842114119774582517e-02
1.527127524988747785e-02
1.288930978124738259e-02
9.946851248830648404e-03
1.583469402733245213e-02
1.586321307194659552e-02
2.267028687667089343e-02
1.653681152746569460e-02
2.055859333914726583e-02
1.454656809830572745e-02
1.809599921744823800e-02
1.523738318588509742e-02
1.723389716575048081e-02
1.388037030282904087e-02
2.520576051392213121e-02
1.613546716924918467e-02
3.792223941338689758e-02
2.633811906532362163e-02
3.576231438575762367e-02
2.578343471294681361e-02
3.543175017766397178e-02
3.036730655447088950e-02
5.337620510405498980e-02
3.188481511420844516e-02
5.280976258802768525e-02
3.742011660697648623e-02
3.643695699275868727e-02
4.947902397388749540e-02
6.853210691957185852e-02
2.614508556716732893e-02
6.238355302434302196e-02
3.663837996272800712e-02
7.536023452074905316e-02
4.798381825911282594e-02
7.888225051189268200e-02
6.574654911359667508e-02
5.505955979404650313e-02
7.408428197439737017e-02
1.040599702328404569e-01
8.561738110402687674e-02
9.592997823317413186e-02
1.008904094824157882e-01
5.394384424679150164e-02
2.431937290897155379e-01
1.354426685859211332e-01
2.235737634440515265e-01
1.303331311119964031e-01
1.257422435026067098e-01
2.484101280428420988e-01
2.462700187790183848e-01
1.899274439178357254e-01
1.525038671339260521e-01
1.805772213841561891e-01
1.107887046968394906e-01
3.332244497382765847e-01
1.625054054485487454e-01
1.012140506140875584e-01
8.992106356739505424e-01
2.516324216174524731e-01
1.069790185598447352e-01
1.437063093778695233e+00
9.552653450866163687e-02
1.136861731932985453e+00
5.809737797948729687e-01
9.488276086079262817e-02
2.078631444970102660e-01
5.783464172155862171e-01
2.493653327562660726e-01
1.810762334852916267e+00
2.942616116374379143e-01
1.858286918134840482e+00
1.201259308984802265e+00
1.525272571475030370e-01
4.715995280214412055e+00
1.036177670201626322e+00
1.725858863730257986e-01
1.445349749433986641e+00
1.716844555280933715e+00
2.113029522989041453e+00
1.034480933583853846e+00
2.616992018447214186e+00
3.696703439125877955e-01
4.303515090563215573e+00
3.283887074660701177e+00
1.499767419646294231e+00
6.676532714857406958e+00
6.149000299078158704e+00
1.058046403890477993e+00
1.086349382608436898e+01
2.571147565667938117e+00
3.616909132496662682e+00
1.265328201361946014e+01
1.997964643657246020e+00
3.755001105118757732e+00
1.508297153768632048e+00
2.366053252103168081e+00
3.974501094507488563e+00
6.926690059874732519e+00
1.433863488924973950e+01
1.139181643563900970e+01
2.349068743449400998e+01
2.438716654506060788e+00
2.935594614598138197e+00
6.130645800598548689e+00
4.237903586260313160e-01
1.052960058259546727e+01
