2.767960979000046152e-04
3.566772061000048066e-04
3.717386428000050481e-04
3.284902712000035562e-04
4.270948828000026287e-04
3.690735128000031799e-04
4.905789000999964677e-04
4.632125447000000123e-04
4.653319429999962665e-04
5.121851037999967720e-04
5.088553556999925783e-04
6.057692571999850851e-04
5.707764928999796731e-04
6.880885119999762727e-04
7.889596916999782120e-04
7.202362053999740140e-04
9.192072526000287947e-04
9.143675172999951800e-04
9.944204058000491453e-04
1.034996098700038426e-03
1.256375532600123406e-03
1.167021267300067788e-03
1.353389577800137361e-03
1.404395679300152492e-03
1.774328567900143507e-03
1.758726092100140184e-03
1.735254272400159380e-03
2.111675070500132999e-03
2.528283228300130629e-03
2.561885869000144703e-03
2.802475119200141095e-03
3.130027721400122434e-03
3.360523053600049988e-03
3.428279110000057896e-03
3.975253511099888747e-03
4.079410724799775213e-03
4.479196111499776818e-03
4.859212756299647815e-03
5.210568503099581583e-03
5.802321714899531108e-03
6.125794214199494457e-03
6.494016013099464246e-03
7.611907390299574999e-03
7.644566716699606988e-03
8.471692439899664723e-03
9.051530396399703332e-03
9.200045881399694994e-03
1.029298702629979044e-02
1.045305245929972586e-02
1.167595210189982004e-02
1.194646166229979857e-02
1.283411108119985981e-02
1.332934942669998513e-02
1.403446301580005447e-02
1.484322724170011355e-02
1.498219527970017818e-02
1.617212059960020099e-02
1.681063339890028971e-02
1.800984549820037681e-02
1.789530487060034258e-02
1.844230699230041057e-02
2.030619815140047996e-02
2.049120905340049911e-02
2.175050774320052421e-02
2.094822327480047597e-02
2.210083049430048435e-02
2.254605109120047871e-02
2.228355623900048210e-02
2.366010878050052446e-02
2.355289137220050594e-02
2.433855906300046862e-02
2.364816710290036650e-02
2.468321693420045398e-02
2.471856501680035761e-02
2.492653454490048257e-02
2.513213997130032962e-02
2.566337111680045552e-02
2.375230684050036803e-02
2.487136379410030337e-02
2.482409211930027351e-02
2.462201606990028699e-02
2.509585099380031575e-02
2.410269897640025805e-02
2.417839314150034905e-02
2.200872736180026212e-02
2.255240847890021411e-02
2.224454223080028076e-02
2.267137983450022432e-02
2.188794170820020438e-02
2.054569541490016901e-02
2.130327231560016216e-02
2.057768673380011917e-02
2.018239692360009052e-02
1.871443085660006930e-02
1.829362413400014917e-02
1.801119573230003379e-02
1.807997291820009206e-02
1.669229310620005610e-02
1.671294743590004753e-02
1.625282239630003456e-02
1.487667482760002095e-02
1.575243971400002926e-02
1.382928031630000811e-02
1.422554056589997624e-02
1.384632573720002979e-02
1.369317561049996322e-02
1.196379574259997386e-02
1.194111657779993799e-02
1.257252756629998261e-02
1.257953916599997314e-02
1.082792161359994940e-02
9.924551689699974422e-03
1.039623902539997535e-02
9.721979895199987440e-03
8.050383645899971893e-03
8.484897418199972841e-03
7.469337108099969452e-03
8.330169060499988815e-03
7.347149990999962514e-03
7.048028179099976621e-03
6.692142232699967684e-03
6.354264744499979120e-03
6.075246765899975677e-03
5.693794960299980445e-03
5.236377641599989675e-03
5.096053890399986075e-03
4.944926607099984529e-03
3.996270140499999339e-03
4.775913368899995307e-03
4.322047914999991441e-03
4.156227547799994787e-03
3.515439396599997178e-03
3.379133351399993615e-03
3.466657368399992962e-03
2.887813418399997733e-03
3.040001362099998498e-03
2.804396807200000216e-03
2.376449673499998055e-03
2.617841188399994481e-03
2.293018877300000841e-03
2.310292798900001957e-03
1.945868597800000594e-03
1.761068838600006025e-03
2.218007850899996868e-03
1.511945239400003726e-03
1.382402443999999984e-03
1.560777501700000942e-03
1.590007139200004223e-03
1.410687351700002550e-03
1.484800405000003681e-03
1.441004665700001486e-03
7.785024747999996992e-04
1.103452344799999525e-03
9.218511684999990087e-04
8.691116295999991911e-04
1.076312141600000664e-03
1.009522359500001276e-03
7.313220889999990640e-04
6.683103271999992758e-04
6.210286649999994342e-04
6.639095650999992000e-04
5.148829011999988842e-04
6.917797585999992289e-04
6.420237829999990691e-04
6.828676272999994676e-04
3.609387885999997469e-04
3.888966564999994484e-04
4.835062480999998834e-04
3.978245691999998689e-04
3.558857499999998342e-04
2.172938178000000228e-04
2.238265115000002004e-04
1.616438678000000967e-04
2.853484978999998680e-04
3.134580347999995991e-04
2.388227994999999747e-04
2.055169604000000488e-04
1.638663854000000600e-04
1.879949121000000229e-04
2.322184967999998929e-04
2.083748638000000825e-04
2.519805756999998346e-04
1.967184962000000027e-04
1.373686164999999659e-04
7.073198469999994974e-05
1.999511248000000567e-04
1.128724471000000208e-04
1.097628378000000402e-04
7.592267709999987063e-05
8.792787299999994073e-05
9.119856479999993118e-05
9.429343209999994577e-05
3.916816869999997547e-05
8.553438199999996233e-05
3.337459700000000920e-05
3.593086340000000377e-05
7.801809450000001282e-05
1.097038264000000973e-04
1.518785970000003369e-05
2.073151040000001025e-05
