3.493392240000001321e-04
5.078156461999933655e-04
5.256179894999947781e-04
4.872801874999973908e-04
5.732420971999921530e-04
6.220035502999898087e-04
6.643008399999884503e-04
6.732238908999886844e-04
5.801998040999925294e-04
7.706129054999888471e-04
8.429106126000083642e-04
9.075692354000094867e-04
1.297042213400112455e-03
1.059788900100043637e-03
1.437660042500092097e-03
1.504053597300091319e-03
1.587028325400116667e-03
1.833382208800101495e-03
1.801745217400117435e-03
1.723355917600091596e-03
2.037465046000095249e-03
2.502543687800107101e-03
2.480203602700083252e-03
2.419249776900097692e-03
2.973126756900101603e-03
2.756188881600092969e-03
3.775356404499945803e-03
3.506047614999995791e-03
3.900606891799932117e-03
4.298284173499871894e-03
4.533049278099848638e-03
4.979966871799767526e-03
5.511408691599738174e-03
5.508109805799699284e-03
6.210920364599637790e-03
6.173873733799671928e-03
7.305149955799703637e-03
7.975980889099750989e-03
8.851188816299798007e-03
8.110667934199761175e-03
8.867570140199790979e-03
9.796607138899822778e-03
1.028587608019982703e-02
1.101339028189985726e-02
1.165797162929985836e-02
1.210173270629986454e-02
1.269245750269987032e-02
1.328264296759995404e-02
1.454827403500001670e-02
1.511235475540003911e-02
1.592103219380014076e-02
1.681048335050016121e-02
1.756441400100018299e-02
1.828721445170018028e-02
1.775526395640018504e-02
2.019556056610022701e-02
2.055009948280022564e-02
2.022410088030021993e-02
2.148033622930028280e-02
2.259769143500032357e-02
2.235054698970030673e-02
2.307576590490028820e-02
2.225112470700025061e-02
2.297513890870029815e-02
2.357687576360023227e-02
2.541953488040030185e-02
2.477957258440028135e-02
2.630581916020025349e-02
2.664029817420022692e-02
2.519494637230028367e-02
2.633514631560016084e-02
2.683985941460028529e-02
2.652059991270025452e-02
2.583107189800025461e-02
2.644879622820024700e-02
2.567794302990024716e-02
2.767908629790022043e-02
2.644424681200015920e-02
2.563446181150015254e-02
2.517129055520018338e-02
2.572623702550011493e-02
2.453380025330018435e-02
2.509618481970005491e-02
2.398362228800009904e-02
2.330991349720003963e-02
2.319724833700017100e-02
2.207074934130009297e-02
2.144949179860004135e-02
2.110095002290002589e-02
2.162749048290006637e-02
1.980081832970001163e-02
2.036299640790009691e-02
1.884755567170001700e-02
1.901759059820001471e-02
1.790554183220000387e-02
1.715327181490000283e-02
1.694759109480002690e-02
1.637790344149998856e-02
1.545223648459994985e-02
1.447333810179995267e-02
1.377051347639996100e-02
1.454070301619995835e-02
1.293890456939994320e-02
1.323278080669996158e-02
1.261873391389993493e-02
1.140137867639995709e-02
1.087708702039998261e-02
1.143911806279999076e-02
1.051734606589996984e-02
1.008455943579996024e-02
9.431896901799958002e-03
8.686556099199970946e-03
8.879980788899975719e-03
8.732418488699968118e-03
7.777081189399974795e-03
6.511230234499979126e-03
6.576231316699989241e-03
5.807901122099981030e-03
6.018142852999987247e-03
6.522668056499992748e-03
5.734427223299991619e-03
5.155807666399995180e-03
4.839402516599992411e-03
4.714099841699995533e-03
4.337734806599994469e-03
4.733274490799992650e-03
4.168892645899990174e-03
3.841394305499993937e-03
3.888214825999996346e-03
3.565140913299993854e-03
3.624096714499997190e-03
3.110480077299995066e-03
3.117646360799996609e-03
3.446777644099999292e-03
2.658456040400001500e-03
2.420891332399998253e-03
2.580846869100000222e-03
1.970049873799999997e-03
2.239933535500000187e-03
2.496204771699999173e-03
1.917726649900000158e-03
1.716634388599999920e-03
1.524286482400003971e-03
1.433197302300002075e-03
1.579113898000003395e-03
1.353178860099999272e-03
1.180765392300003316e-03
1.285806159099999249e-03
1.051643340100001656e-03
7.164837079999995199e-04
1.086609133799999608e-03
1.126199100000000288e-03
8.983890548000001298e-04
8.142853266999998309e-04
7.833057611999998246e-04
9.556435198000018134e-04
5.652457836000002352e-04
5.116299867999999935e-04
4.791703864000002207e-04
4.635527986999999055e-04
5.962525417999997449e-04
3.587863711999998728e-04
2.011902869000000034e-04
4.979993802999998793e-04
4.661392804999996012e-04
4.503601741999994413e-04
4.535190403999996359e-04
3.618405330999995202e-04
3.376915531000000345e-04
3.548132876999998838e-04
1.692377718000001910e-04
3.119035901999996974e-04
1.700302413999999753e-04
1.665956771000001323e-04
9.458874979999997096e-05
2.562969536000000580e-04
1.983906384999999995e-04
1.975547813000002142e-04
1.209948273999999552e-04
2.039776110000000951e-04
8.413772820000001249e-05
1.059637013999999042e-04
7.907969230000000752e-05
1.483408207000000987e-04
1.688938826000000945e-04
6.309022959999996286e-05
1.425512368999999537e-04
2.213873839000000596e-04
3.006715980000002007e-05
9.311928549999995766e-05
1.527974206999999909e-04
1.011645127999999822e-04
5.645297579999999411e-05
1.692810469999999013e-05
5.028841779999997682e-05
1.261157991000000323e-04
3.089653210000000393e-05
7.811087410000000508e-05
6.424406799999994870e-05
5.946617970000000721e-05
