4.009675350060247778e-01
2.666147121113595087e-01
2.762088355334694767e-01
2.753516558652839286e-01
2.417748812525287450e-01
1.864676708620002232e-01
2.115594677618418962e-01
1.936662619958242904e-01
1.514149760042476645e-01
1.273006378394281046e-01
1.045415938466036088e-01
9.047750240692323254e-02
6.878713161787149144e-02
7.315891846030378454e-02
7.110610695739033593e-02
6.863122210148614455e-02
5.631007943432905088e-02
5.391945520893476340e-02
4.822038694241439355e-02
5.189895030906961637e-02
4.351367224463716099e-02
3.415481228181811713e-02
3.336714879966145436e-02
3.141998921244518184e-02
2.520975376992662734e-02
2.334192116101216699e-02
2.093440732343028465e-02
2.014288241013886815e-02
1.826987582086753853e-02
1.511831500224024294e-02
1.462747005172691274e-02
1.310277311171904012e-02
1.196242752536968643e-02
1.131033705914095966e-02
1.036907804510700352e-02
9.439587501760975802e-03
8.558854404516430189e-03
7.918096734587173544e-03
6.997492972498260862e-03
6.753004108269189572e-03
6.513627431328188576e-03
5.686425993136325074e-03
5.857352777517138044e-03
5.400572505987917549e-03
5.089143014671529582e-03
4.672324299547022872e-03
4.520164629692452821e-03
4.258775756430522620e-03
3.947086634445641680e-03
3.693640747468621057e-03
3.499826377656771893e-03
3.276180181702355917e-03
3.185236489139142094e-03
3.065506360050324584e-03
2.946106479431276348e-03
2.768631877947853870e-03
2.814350106606613479e-03
2.697475059573736095e-03
2.463827855139743336e-03
2.517266723118916083e-03
2.476375276466152332e-03
2.399955167310813264e-03
2.371727567349049808e-03
2.272609675293346069e-03
2.260702762377477405e-03
2.298559950805868432e-03
2.177966094276453327e-03
2.269417492710392153e-03
2.154525900989117532e-03
2.117450436759081046e-03
2.111065914016476298e-03
2.123655824497517903e-03
2.094651117007033294e-03
2.071634569186105515e-03
2.172655890990758502e-03
2.184267403240577367e-03
2.103776441847497736e-03
2.139600756151267651e-03
2.242321117555181979e-03
2.141890689594055062e-03
2.116938827722719425e-03
2.265391154827634066e-03
2.246056638130043345e-03
2.340549152333421413e-03
2.364901769383783228e-03
2.442633914646949369e-03
2.575009053167647433e-03
2.685507334350712653e-03
2.659478333478099577e-03
2.853612543467456963e-03
2.756437404194270972e-03
2.777858965401111286e-03
3.007546758801538361e-03
2.946350703620220605e-03
3.102239104491460748e-03
3.289996767624964354e-03
3.116134373679510950e-03
3.593942643568119946e-03
3.688175265434182146e-03
3.796148618611547027e-03
4.000129806259467881e-03
4.037051773130085827e-03
4.197623891677091691e-03
4.282969376169279939e-03
4.380709561153350341e-03
4.642091186690839102e-03
4.857907780332313373e-03
4.966345822608867790e-03
5.263838171973147378e-03
5.473689947295639832e-03
6.220984060632105822e-03
6.130712713255579566e-03
6.594720344224275915e-03
6.897266267288688565e-03
7.498583727708881506e-03
7.772419987556906072e-03
7.791083779879116010e-03
8.687335623274533569e-03
8.434617372461148885e-03
9.133356521325712227e-03
1.146458190547229410e-02
1.050934314810071483e-02
1.116818042091030291e-02
1.126477280214127456e-02
1.230768546898680996e-02
1.184353700867659016e-02
1.444694152793611110e-02
1.386991179849857668e-02
1.545281743006522712e-02
1.774724509331181144e-02
1.554046860518389951e-02
1.968317461085201253e-02
1.907522475880735896e-02
1.950488851599007853e-02
2.110943496302403535e-02
2.064605316610270899e-02
2.843756586010973489e-02
2.788600264608081039e-02
2.958837123283208220e-02
2.665056569652057838e-02
3.139211589101133931e-02
3.035399132138515491e-02
3.353252427488775944e-02
3.459058037195326257e-02
3.948548277886824304e-02
4.086094695507981600e-02
4.339717943180354531e-02
5.142093862776216107e-02
4.968457109456539400e-02
5.559850452556900496e-02
6.017829711147221899e-02
5.531080035176581117e-02
5.377712522093765213e-02
6.311129563011790011e-02
8.048486165778090395e-02
6.790837141895959828e-02
9.798888806377936689e-02
8.422672174463154138e-02
8.759966318189543744e-02
1.029957503368259530e-01
7.768929315939902824e-02
1.614386406753837433e-01
1.703489363446346327e-01
1.303966954963497460e-01
1.397404464786673461e-01
2.145178335640869904e-01
1.458810981591282807e-01
1.530708011146648395e-01
1.822487584333608857e-01
1.593902487379290078e-01
2.115650286389924029e-01
2.058349691536314197e-01
2.880964889763636405e-01
3.936151568976877790e-01
1.947108090034554151e-01
2.874838241424082508e-01
2.402499960555857517e-01
4.541079628297818860e-01
5.419247328547982523e-01
2.239397543357106168e-01
4.644870883860315880e-01
7.276831325658167371e-01
6.698865347021787375e-01
5.796486048815108205e-01
4.982890433262938124e-01
5.282936869090936183e-01
9.047057281425147091e-01
8.405538882218256402e-01
2.279430467408319227e+00
5.517436127890794628e-01
3.223939355835296894e-01
1.137645594919623360e+00
1.691957014265345949e+00
2.602212443681111598e+00
6.175750164615489979e-01
1.260334513554149716e+00
1.061677282622490726e+00
8.196177689538370892e-01
1.702444848825623414e+00
1.599286319945936174e+00
