2.963382040000001548e-05
1.166576170000002769e-05
1.211261430000002167e-05
1.455815189999999599e-05
3.244663290000008199e-05
1.555891660000000115e-05
2.070660449999995754e-05
2.611344619999995132e-05
3.078430080000003612e-05
1.791407029999998092e-05
2.413435169999996043e-05
2.231260669999993033e-05
3.616621070000004205e-05
1.788590999999996781e-05
2.305217549999997859e-05
4.572802660000006847e-05
4.615705280000010892e-05
6.064856270000001828e-05
4.797908660000006856e-05
7.682754189999980944e-05
6.640326389999996433e-05
5.507713829999998681e-05
8.401767179999988528e-05
7.083930679999991917e-05
6.403946079999995168e-05
7.204476689999990164e-05
1.087484256999999595e-04
1.020723576999999177e-04
8.653665669999998842e-05
1.366323197499998902e-04
1.108356761999999027e-04
1.213739868999998779e-04
2.887703450500004958e-04
1.616004655999998775e-04
1.359058392999999633e-04
1.427245978999999883e-04
2.006934506999999966e-04
2.369740278999999761e-04
2.397909672000003538e-04
1.514781894000000802e-04
2.396894420670001003e-04
2.484430912670001351e-04
1.846128150999999066e-04
1.290657312999999521e-04
2.205297435000000807e-04
2.183795939000000787e-04
3.224519572000003804e-04
2.264955313000000133e-04
3.042011573670004901e-04
3.898795270669999473e-04
4.742269751999994847e-04
3.282980404000000567e-04
2.016340905669999049e-04
3.846678248000003205e-04
4.474291242999997652e-04
4.530920463670001829e-04
4.736540179000002775e-04
2.974859834500002574e-04
3.953547117000003617e-04
4.694586153169995183e-04
4.036378799170001414e-04
5.479787157169998440e-04
4.596228548340004316e-04
3.054373089000003423e-04
6.273573844340004117e-04
3.278843279000001956e-04
4.540635538840004522e-04
4.995861326170003862e-04
5.667403824669999500e-04
5.650351347999996946e-04
5.687520743669993804e-04
5.765883878669993178e-04
5.714196002669991777e-04
3.396042472500001739e-04
4.112015274840002000e-04
4.309878666000002819e-04
6.663937180339988371e-04
7.059266213169994265e-04
4.112753727670004898e-04
4.874697453999998938e-04
3.496572912999999804e-04
4.420031083670001638e-04
4.779347628669997224e-04
4.609388794339999988e-04
4.625043747999999302e-04
5.316796562670000155e-04
3.585542661669997595e-04
3.398959474000002993e-04
4.218376461999998614e-04
4.305959042669998005e-04
4.790905888999999408e-04
4.576770261339999416e-04
3.897722165000002542e-04
2.410758468500000013e-04
3.968189024999999796e-04
2.705549203669998961e-04
3.104338367000002868e-04
4.138320708500006621e-04
2.886786010169999517e-04
2.956236124000000262e-04
3.863755207000000983e-04
2.529054784999999772e-04
3.307521605840000570e-04
2.441942290999999168e-04
2.973923095999997726e-04
1.893241371999997797e-04
2.343204043999999706e-04
3.376878636669999856e-04
2.791816669669998406e-04
2.289942088000000188e-04
3.167683162999997961e-04
2.359501802669999653e-04
2.854016951000000338e-04
1.052214557000000070e-04
8.110877740000001549e-05
1.294938705999999437e-04
1.537782452999999344e-04
1.514177617669999201e-04
1.470359848999999936e-04
1.077602785999999882e-04
7.241059256700000497e-05
1.494389688669999763e-04
1.792510142999998324e-04
1.363146744999999980e-04
1.002242731999999979e-04
1.241652971669998846e-04
1.514378322999999503e-04
6.397897010000000819e-05
1.270453394999999724e-04
5.561199920000000946e-05
8.270681230000001354e-05
9.426928040000002768e-05
1.175386451999999927e-04
5.015270560000000178e-05
6.550988620000000606e-05
8.307921626699999037e-05
7.647494989999998011e-05
4.016966150000000067e-05
3.777757430000000608e-05
5.904678690000001156e-05
9.581069740000000567e-05
5.874876110000001417e-05
2.672623320000000526e-05
7.631149370000003883e-05
3.081529550000000058e-05
4.131653939999999629e-05
6.921530700000000033e-05
3.314408000000000539e-05
4.050788080000000376e-05
2.507983739999999421e-05
3.226554859999999214e-05
1.977877709999999978e-05
2.474694509999999649e-05
6.313848000000000912e-06
8.201202167000001968e-06
4.203812900000000600e-05
1.764088740000000337e-05
2.960303639999999244e-05
3.459191679999999990e-05
4.709200540000000256e-05
2.426183270000000083e-05
6.173462700000000913e-06
8.272403999999998191e-06
1.100630140000000251e-05
6.816216399999999414e-06
5.566443000000000739e-06
3.092815000000000050e-06
2.467876000000000307e-06
1.956107799999999707e-06
1.287725999999999841e-06
2.202241070000000308e-05
4.072792999999999378e-06
4.151376700000000365e-06
3.451675000000000711e-06
1.710696700000000085e-06
3.792288000000000612e-06
8.345348700000000433e-06
9.441080000000001052e-07
1.081700699999999738e-06
2.068768000000000045e-05
1.290840000000000036e-06
1.603124100000000127e-06
1.602928999999999887e-06
2.601219000000000073e-06
1.157630999999999945e-06
9.705450000000000394e-07
2.200639699999999326e-06
2.157740999999999760e-06
1.137941000000000224e-06
8.478449999999998208e-07
3.502511000000000227e-07
1.384543000000000171e-06
1.084494999999999812e-06
9.205140000000000859e-07
2.713626599999999664e-05
2.620220000000000152e-07
1.216296000000000001e-06
5.452000000000000115e-08
3.152910000000000404e-07
1.420639700000000018e-06
