1.249927947479318036e+01
8.630166583880470199e+00
9.015405329814210944e+00
7.909143525230055261e+00
9.054895085905846130e+00
8.857812812852785100e+00
1.011410010886782551e+01
6.566515872337932436e+00
6.562686572577318245e+00
6.163035099357072610e+00
3.780709144382127906e+00
4.367387317762760901e+00
4.627757376320026594e+00
6.140131211305686953e+00
7.119494481577080869e+00
4.112148728602107894e+00
4.628285257436244748e+00
4.129556524477647983e+00
2.063793870370183470e+00
3.950865553176666989e+00
3.071744800267851350e+00
3.749945980070152896e+00
2.531301336851254913e+00
2.319105827674511122e+00
2.498710360370705263e+00
2.176517244164899889e+00
2.202119326791553089e+00
1.399262937552608888e+00
1.967804703750738238e+00
1.921451723202578066e+00
1.152285635615624804e+00
9.326444792905786985e-01
7.184856015729471634e-01
1.246642788033279325e+00
7.978973594040956741e-01
8.025602321036828801e-01
8.120805573392854138e-01
1.324938197167932374e+00
5.921680126523550802e-01
7.793271301191700973e-01
7.139514127858753723e-01
6.675584056988060899e-01
6.332058766920086734e-01
5.287827015914990936e-01
5.601534137014636539e-01
6.171182901023845035e-01
5.068026333154541652e-01
4.692418158446398091e-01
3.389457241665503329e-01
3.550036812653321050e-01
4.209916688626414438e-01
3.182517472750172050e-01
3.537660207572165261e-01
2.505585974020360651e-01
2.095825517565339802e-01
2.077856039382902642e-01
2.910531224136492234e-01
2.064259055887473215e-01
1.965476978879221182e-01
2.012855064502493407e-01
1.950066833671089961e-01
1.662635727488942505e-01
2.080614140876028140e-01
1.762073486661186184e-01
1.981363201334203628e-01
1.601640477736817891e-01
2.010497299244231317e-01
1.331302719813561020e-01
1.266303431121094947e-01
1.223049068600905731e-01
1.624586866241931882e-01
1.263016593130155962e-01
1.324121907417670774e-01
1.291157638278161435e-01
1.198063217518454820e-01
1.311193783739357799e-01
1.100563765347896683e-01
1.301713135856608361e-01
1.064312148074418318e-01
1.422572453783259305e-01
1.076759440781715066e-01
8.915316519848838495e-02
1.212925446366865528e-01
1.126382681049307721e-01
1.264121457052872211e-01
1.111513016295335998e-01
1.116491002307898606e-01
1.115662335719009995e-01
9.051163737352585503e-02
8.861311105250908871e-02
1.000786259328639988e-01
9.289694622522569334e-02
9.575816528466092603e-02
1.122938584283625640e-01
1.084184125323317954e-01
1.010195167869743921e-01
1.073942854411143316e-01
9.447779690644586559e-02
1.254786774979469999e-01
9.055999577736215111e-02
1.312772831285960451e-01
1.051164400848764308e-01
9.573809719649147010e-02
1.079920652466389297e-01
1.413481797063057821e-01
1.237214335383566566e-01
1.312762198052760954e-01
1.215544754324256738e-01
1.471837776188104352e-01
1.250666000098386021e-01
1.128632467199160022e-01
1.441531406421008854e-01
1.268079531263781867e-01
1.243676925148430312e-01
1.416102970556091800e-01
1.556220136689211997e-01
1.564056191532182394e-01
1.589358820474770784e-01
1.831694233072273803e-01
1.724432377173127917e-01
2.065727772074134327e-01
2.350821254565568785e-01
2.040323638009901575e-01
2.511631063061399716e-01
2.406751645710660525e-01
3.047907881969312283e-01
2.455526655447307360e-01
2.951616566776534278e-01
4.007932149793770327e-01
3.666291244549990114e-01
2.934715193822268198e-01
2.752418085748796206e-01
3.438358479962041470e-01
3.918008736598332376e-01
3.807300385234947959e-01
4.540758414440911328e-01
4.332221126805771427e-01
3.887272592350294320e-01
4.357087656252084384e-01
3.578521666759701958e-01
3.993488612268666360e-01
4.298441765599300690e-01
6.164315376636233523e-01
5.977532835178988035e-01
5.278610309900917397e-01
6.516028859738635104e-01
5.552315871226934929e-01
1.181260375302631616e+00
8.942383815566707916e-01
1.227365097979481234e+00
9.535666222830228023e-01
9.929986580521861228e-01
1.461239920632860789e+00
7.444389483376696592e-01
9.519012260870635123e-01
1.207558061916862657e+00
1.419928622715407984e+00
1.632567900878237666e+00
7.850969507375998857e-01
1.723462903198039298e+00
9.085101531840543698e-01
1.650487359336092252e+00
2.326186535256626442e+00
4.217304949218646293e+00
1.892389142626796472e+00
1.041067913858875205e+00
1.692268733491948174e+00
1.867904655638934264e+00
2.325271990208279238e+00
3.049987166491028745e+00
1.817356545154235059e+00
2.441889427398909795e+00
4.931523249403468867e+00
1.003853549098180409e+01
2.261191647361547652e+00
2.692124057356182654e+00
3.412681525898915158e+00
1.669942762076559717e+01
5.360872695265801902e+00
1.722488286824881953e+01
5.255940794034457575e+00
4.376231262612297002e+00
4.469758025391091572e+00
9.524947175728430082e+00
7.436563209182599721e+00
5.997212643142374233e+00
4.300087077383855316e+00
9.229520622227154192e+00
1.525047401315908679e+01
2.060784008598251305e+01
3.992200072642176423e+01
2.512674994603622736e+01
1.468914997663132560e+01
2.153169352841637973e+01
4.170403080606910784e+00
9.794347250209501254e+00
3.651787323177860145e+01
3.671921229203314851e+01
5.453671993194924283e+01
2.776496880468252115e+01
