7.085659697237845833e+00
1.122335120057246449e+01
7.915446567242351072e+00
1.005841403409992196e+01
6.781480535964316658e+00
7.594923339296005160e+00
8.592083291852739890e+00
7.717342961302705362e+00
1.060235028265506330e+01
6.472658922647640978e+00
4.125683605405204624e+00
6.276633982984613169e+00
5.580347648064403643e+00
4.026589775598199417e+00
5.908118732602138934e+00
6.339336583066359054e+00
6.156981342898514065e+00
2.343115690668218232e+00
6.246925435696761397e+00
3.356845095491627351e+00
3.427986132032185829e+00
2.411582675621586347e+00
3.925480443293771771e+00
1.187120763622971031e+00
1.481346374273451394e+00
1.305683918942967647e+00
9.865803267663093568e-01
2.214295881011941081e+00
2.708093904747836067e+00
1.338784348638038413e+00
1.020819954619445857e+00
1.354951877307783104e+00
1.096001594230496368e+00
1.746242451815318786e+00
7.984048892691023580e-01
5.752595379954098531e-01
1.583035762390944790e+00
5.579473579341636125e-01
9.817057372716117003e-01
8.011456009042687842e-01
3.860568557376741761e-01
4.918128046205909598e-01
8.031545678080982409e-01
3.602194664378027267e-01
6.180503317050402012e-01
3.778088509002729967e-01
4.647600349953350252e-01
5.085329132296351196e-01
3.077312229877385841e-01
5.370372838921445569e-01
2.719996516580293622e-01
3.112504491967765796e-01
3.228316393997464062e-01
2.722217982978257789e-01
2.939454893790144907e-01
2.452786848286096222e-01
2.467306586609669949e-01
2.419423554958879952e-01
2.019774688411686558e-01
1.997752939508085357e-01
2.752252825532655600e-01
2.462216853782632220e-01
1.860413521059415543e-01
1.484436783068101839e-01
1.256667595043132746e-01
1.779791102339269848e-01
1.471078427820012025e-01
2.456731657016905657e-01
1.748784716945176454e-01
1.385223741293698796e-01
1.495254759515843024e-01
1.519637342415064429e-01
1.430696217602941411e-01
1.705248642548782556e-01
1.568820483532748777e-01
1.166600192806233616e-01
1.168951121258178516e-01
8.275475197987601506e-02
9.576302310984476096e-02
1.018897028258234083e-01
1.198684495058218308e-01
1.115247351647738611e-01
1.430327485162929124e-01
1.150471128809104626e-01
1.118506669898266942e-01
8.502740837916925032e-02
1.012894593636645829e-01
1.251880991683323174e-01
9.992519736270306929e-02
8.728556239964124774e-02
9.697658720905519281e-02
1.328467917079463601e-01
8.661666643551918510e-02
1.063044612390732502e-01
1.072760581976345967e-01
9.605791696356147380e-02
8.301192816925340168e-02
7.886339242399431626e-02
9.690631363968577050e-02
1.228690501662196843e-01
1.113044106680100981e-01
1.422606730177256862e-01
1.093636790763796440e-01
1.845786506491525480e-01
1.115930677516720759e-01
1.201492040990772003e-01
1.283386213179703861e-01
1.011830493841031076e-01
1.236501086058352239e-01
1.089704097145554051e-01
1.091692451801265507e-01
1.537909507630570161e-01
1.519488535554086306e-01
1.307787834170137942e-01
1.335733654103634371e-01
1.392914069504209984e-01
2.176625674992260784e-01
1.800862496781151234e-01
1.706198020980324026e-01
1.246959947299942639e-01
2.166835199496927600e-01
2.042701407656410117e-01
1.571738078720543441e-01
2.321474223323941877e-01
1.881861825767971452e-01
2.085664742717124043e-01
3.461236916654102380e-01
2.154303953331684895e-01
4.949743157330872001e-01
3.383745120639454207e-01
2.487891723467022254e-01
2.571983538913278911e-01
4.416022451439722274e-01
3.266091264809052319e-01
2.615278869099831316e-01
5.342785413682888951e-01
4.565140376970349689e-01
5.350862538187116657e-01
4.768295897081861745e-01
5.461174175324646773e-01
2.644012657481766282e-01
6.591594954342672175e-01
6.090618420147009271e-01
1.213343219069298540e+00
1.008183337681795022e+00
7.326149073274416113e-01
2.635251412012854511e-01
6.135260460893698919e-01
7.413629352887677326e-01
4.337854393879615467e-01
6.526523641725382463e-01
1.515239352579403898e+00
1.306580015447734944e+00
2.034368075623536942e+00
1.085965418637418356e+00
6.257231636369662287e-01
1.046290581716996071e+00
1.142547796715543296e+00
1.921004964235266677e+00
1.325596361037659321e+00
2.593259888122799950e+00
2.882831768959977836e+00
6.979029493283250396e+00
1.914714048226382248e+00
2.376991733678922802e+00
2.383932775797453552e+00
3.700224212110271083e+00
1.522773808816251950e+01
1.559829177986162385e+00
1.820968932817837427e+01
3.070535466396800306e+00
7.681670035453278977e+00
1.072280513080754893e+00
4.911792677467000878e+00
7.923989521096404864e+00
3.352149328983499377e+00
3.005597241679882181e+00
2.252057503587965748e+00
4.209310510278977624e+00
1.301383047202436849e+01
7.201108244643077860e+00
1.868656484614148017e+00
1.111441994176160897e+01
2.260758782430484448e+00
3.273389240083542973e+01
2.159448180978092768e+00
1.934878398594822357e+01
3.409514084098290265e+00
6.600560058167928013e+00
1.426616734481652848e+01
2.604991997695972827e+01
4.451219848551108527e+01
7.237077944653650263e+01
2.668431945334062760e+01
4.124517494779682991e+00
5.065267211641565837e+01
3.737539537719619887e+01
9.908266681543000942e+00
4.879252784705874291e+01
2.907049214749511989e+01
