2.301240418342457017e-01
2.582681763213769410e-01
2.323865430835743984e-01
4.329846882046642365e-02
9.599949873020338642e-02
7.792258034970003799e-02
1.134462838217094177e-01
7.954652966026710958e-02
4.176028305627196152e-02
3.637104943631016413e-02
4.833171551416668571e-02
2.317432539323939222e-01
3.851556343098061497e-02
4.814127062402711460e-02
2.615834651336973807e-02
1.900527469800378233e-02
3.163608288544658004e-02
8.344967494926346097e-02
2.127845591415924303e-02
3.085506351326512339e-02
3.338437946065223733e-02
1.928726657278386283e-02
1.572165089108739852e-02
2.533471620868426102e-02
1.692063975523794284e-02
1.186488078537555578e-02
1.132511804004427032e-02
1.607787038244065658e-02
1.465583858514439737e-02
1.456047162675815076e-02
8.399042789876512080e-03
7.087335121986373422e-03
5.100921726102411284e-03
6.315918422260861052e-03
6.957715642692123212e-03
5.473477110866075031e-03
4.391907220514638249e-03
4.714497577576326828e-03
3.552745214104198294e-03
4.287375649985497236e-03
3.474812267186243916e-03
3.756537106976042938e-03
3.343759340813455549e-03
2.856072823060533221e-03
2.764935961092918407e-03
2.925971625306693878e-03
2.396085726204665468e-03
2.351816949699718235e-03
1.904335014000025804e-03
2.090596609614272811e-03
2.026762959181430124e-03
1.746331225115481216e-03
2.199422486858200378e-03
1.794827344949963916e-03
1.889861841077303565e-03
1.689279745815622930e-03
1.819598650457169642e-03
1.816287721062965392e-03
1.636805384552229761e-03
1.481868251773180113e-03
1.718254848833518453e-03
1.845291383053312799e-03
1.570928874623410887e-03
1.693464402606144163e-03
1.707983893721548964e-03
1.388668870407212905e-03
1.402742339185714246e-03
1.723257470164057817e-03
1.468744824262923233e-03
1.476302026628685017e-03
1.510571535354495159e-03
1.602107148718189423e-03
1.524491392075682248e-03
1.766737505354049184e-03
1.517375473306892437e-03
1.501993117185423986e-03
1.452976884845888538e-03
1.541107437293612889e-03
1.683054379195507693e-03
1.548253508231661269e-03
1.395113054814910332e-03
1.389654104497954059e-03
1.723613824358027295e-03
1.546216686814828531e-03
1.720216937001249049e-03
1.925366730952042787e-03
2.295422125741889644e-03
2.152007159409234562e-03
2.399233120120981919e-03
2.186913587446082628e-03
2.277082502207397347e-03
2.539895649770997771e-03
2.227924164588832631e-03
2.153571998652174368e-03
2.285764349281111871e-03
2.440832892408156037e-03
3.074706613441004557e-03
2.680792422130003246e-03
2.452406863827335907e-03
2.728686178108590508e-03
3.622724530010256079e-03
3.318481695134408230e-03
3.090541151741265421e-03
3.527717229898079399e-03
3.796699722755668416e-03
3.723439630154245020e-03
4.142471721393409419e-03
3.462292262464636457e-03
5.666324296684525398e-03
4.284788809617929434e-03
6.084381613317694192e-03
4.785186830787845069e-03
6.092503007185673912e-03
6.115451041817567684e-03
6.093614353022601404e-03
8.164876805551963407e-03
7.347176106084025646e-03
5.677292975190009056e-03
9.462597045984144986e-03
8.601853751573389911e-03
8.520611803928334477e-03
7.984932799565790454e-03
9.995282897736292721e-03
6.364851974804205600e-03
1.055852543898445906e-02
1.704067802169914256e-02
1.383735743716137286e-02
3.152229856300340499e-02
1.837492283230634377e-02
1.076327531012333076e-02
7.854454707494712418e-03
1.370250680191761189e-02
1.679583339806555581e-02
1.355436510995851156e-02
1.964289750770220264e-02
1.880532537267147128e-02
2.111894627212691430e-02
1.920872268246711853e-02
8.893677478151783278e-02
3.489998604601281251e-02
3.614918612175887364e-02
4.035024078666112762e-02
2.026886548379295411e-02
1.898617153102106769e-01
2.308335160526006277e-02
4.241400255700999988e-02
3.560603521145026124e-02
2.839806952894216585e-02
2.285154131948398393e-02
3.744597498363274463e-02
2.181606475096918574e-02
2.422483005175101248e-02
6.383123872823955047e-02
1.283775990305725812e-01
5.853654072999301544e-02
2.413253313351531107e-02
1.066772229156571911e-01
4.377703123297736060e-02
6.989001131908283149e-02
1.182839444018975339e+00
6.231677286698222851e-01
8.774918015921494285e-02
2.550354926002576850e+00
1.692756432532245836e-01
6.294351890370612768e-02
7.708374601229377177e-02
1.270755292815647086e-01
4.533289079991741771e-02
2.174777173657522766e+00
8.604338238253438076e-02
5.222342565462205322e+00
1.669368820116844121e-01
2.172468992419676503e+00
5.463427604142388760e-02
9.905541108356100133e-02
3.786601372159208001e+00
1.487981673169529229e+00
5.649377515237619107e-01
5.596252008891223539e+00
3.513806113652676810e+00
1.667100187957885060e-01
4.768161278578948448e+00
5.570749724475275499e+00
4.595936231613985790e+00
3.180151592425497054e+00
3.423928766952325731e+00
5.032718487465752233e+00
2.701037376010454683e+00
1.859813186117808270e-01
3.465741392099416451e+00
3.695691348994369352e-01
9.210229542037372263e-02
1.498008103802622726e+00
2.724895783104972935e+00
2.143448763667304391e+01
5.058054999372991745e+00
5.531952277831764242e+00
2.146354792488253782e+00
6.518010015353509212e-01
2.000315701144227187e+00
