2.649367156598927964e-01
2.644175539950147091e-01
2.380138579820003653e-01
2.383901253141877119e-01
2.230088239172646480e-01
2.259830181290247153e-01
2.138514686898956019e-01
1.448335850761510168e-01
1.881699402078266248e-01
1.398963602308841703e-01
1.719135647817861545e-01
1.147934985207938047e-01
1.363353170673985149e-01
1.028332251002418291e-01
1.113473654492692921e-01
1.135416882289659590e-01
9.824498897488967430e-02
7.535839454548620697e-02
6.542390307058094934e-02
6.935433818033805153e-02
5.607544796943186166e-02
5.092601325707359766e-02
4.472098891299621654e-02
4.305215792558552551e-02
3.424893931831965443e-02
3.217240597246591449e-02
3.012384379614273938e-02
2.538822067334649268e-02
2.033893004973991170e-02
1.744205774384391394e-02
1.664175184795927201e-02
1.404972743829814227e-02
1.382299110033633621e-02
1.232111263170625366e-02
1.059705943252708428e-02
9.926385752766483939e-03
9.345116628675088216e-03
7.986636498392466268e-03
7.125794215347943002e-03
6.673493079396239543e-03
6.260642184280634445e-03
5.936872203622085495e-03
5.282726821959957304e-03
4.882632044924116975e-03
4.589365029297542455e-03
4.159525344166851123e-03
4.076423292560834959e-03
3.777014486469680056e-03
3.573845765522384605e-03
3.195946092112049181e-03
2.875114921603695497e-03
2.786093497604772828e-03
2.666054791206603006e-03
2.549299259372562153e-03
2.401904617406788300e-03
2.269626392684289447e-03
2.138555073898010857e-03
2.166596504753275868e-03
1.939741431333437318e-03
1.898274454822749266e-03
1.876076279581085672e-03
1.829959991466509296e-03
1.709322935534622525e-03
1.667715471912463920e-03
1.683402956036763286e-03
1.628876523271415803e-03
1.568857818259679522e-03
1.548747924211389551e-03
1.498437403237680692e-03
1.518031417196124633e-03
1.464471591180897597e-03
1.468696030528229704e-03
1.430584125265065617e-03
1.391060171229609871e-03
1.457657217842308218e-03
1.423355705042559554e-03
1.407958937497234527e-03
1.408830603195697839e-03
1.411906388824581138e-03
1.442863492531318206e-03
1.484036570303218705e-03
1.452768022899310167e-03
1.420577859238854887e-03
1.486265878026162696e-03
1.473276613853675716e-03
1.489977233515741000e-03
1.566339984374784085e-03
1.612903511485589509e-03
1.656777459033259656e-03
1.628941461073765608e-03
1.636266911226079987e-03
1.572081953110549164e-03
1.692837590686068622e-03
1.712253131003994931e-03
1.871161899869640700e-03
1.895785074378898965e-03
1.947142888492886265e-03
1.993291993922402180e-03
2.056542066364888590e-03
2.114554779206593606e-03
2.220182833794277343e-03
2.299342781852547774e-03
2.473038654290406028e-03
2.361302309409665009e-03
2.668912741360529670e-03
2.569997138709192649e-03
2.791416360749683721e-03
2.846061088818548426e-03
3.020248588781123799e-03
3.036914377986106757e-03
3.246509063203238503e-03
3.514364096034838791e-03
3.720463832615761302e-03
3.673691001808847972e-03
4.076725936250785894e-03
4.067081650334170365e-03
4.226997852484674564e-03
4.672138694333619405e-03
4.772081401333363310e-03
5.149645259742910777e-03
5.557439659134561991e-03
5.396030028527349330e-03
5.530663114804201634e-03
5.737744517643629701e-03
6.730351381168685025e-03
6.871289567008708257e-03
7.508894438634588185e-03
7.746968030734780082e-03
7.963699940356184712e-03
8.801399399863324424e-03
8.660684471997798575e-03
9.178947780502632811e-03
9.962460986412659258e-03
1.006998870324053372e-02
1.134562811534027028e-02
1.148794695087034488e-02
1.359128174707255332e-02
1.304805101539176053e-02
1.302065874677742902e-02
1.322297981294194395e-02
1.458708548193783129e-02
1.712975170189934282e-02
1.767156979704773145e-02
1.756410594871686201e-02
1.831977975099854244e-02
2.066435041370012771e-02
2.037612789893321341e-02
2.392489630333924019e-02
2.622564701419081643e-02
2.499200705158415026e-02
2.908629026943829535e-02
2.867701203342480978e-02
3.629463706301608306e-02
3.434315091484899801e-02
4.330345632298185365e-02
3.860387726092961297e-02
4.738115444236962182e-02
4.127445304224306583e-02
4.722492018338653175e-02
5.178197217998764534e-02
5.063990525037155577e-02
7.093515263349531308e-02
5.981052830598135306e-02
9.350416198062007356e-02
7.634399772053164501e-02
6.277796702944292428e-02
6.741374404985374380e-02
8.895736691140990193e-02
8.892985724651597534e-02
7.675950206682416455e-02
9.901941108790068835e-02
1.044786721630811682e-01
1.227733641652837410e-01
1.309817024818248354e-01
1.291941839539628711e-01
1.874063404192400917e-01
1.330053610511466866e-01
1.597927960552834314e-01
2.107520229299900127e-01
1.210663707449751020e-01
1.438740480640267883e-01
2.784989093590255482e-01
3.295775114083712154e-01
3.227514676868771804e-01
2.170933925505112161e-01
2.250280307843727789e-01
1.784331980887037539e-01
3.043248577653079323e-01
4.273628208712353382e-01
2.870576253064352490e-01
2.457848624594005382e-01
5.366825563255651632e-01
6.629101609548183616e-01
4.796352651843378556e-01
7.006740485735407642e-01
6.258740796261700323e-01
3.599858152546870360e-01
4.469765377270064066e-01
2.624552284957398229e-01
4.186763758914940348e-01
