2.598458083751477576e-01
2.679814180638489529e-01
2.001476256568960610e-01
2.353290521473439256e-01
1.508332044038588338e-01
1.981191474009582343e-01
1.799932399414781725e-01
1.774909714627956603e-01
2.359388285759280723e-01
1.569955589530832307e-01
1.509640922486594483e-01
1.225540822683836295e-01
1.129382601632810679e-01
1.311934511457062968e-01
1.187938471188690615e-01
9.988185083143578946e-02
1.009565648544072242e-01
8.332581655732150538e-02
7.291406668773324495e-02
6.465927951077032887e-02
5.224647841031226231e-02
5.100590278527307453e-02
5.313055254384591031e-02
4.824832580275887489e-02
3.427374806802620244e-02
3.261609375932186805e-02
2.733291957386900506e-02
2.570211928252415234e-02
2.085614164070816526e-02
2.035014093420826203e-02
1.782834466986039229e-02
1.476968562402478265e-02
1.292926008891543722e-02
1.212084420195527930e-02
1.052362686697447605e-02
9.487728325095503429e-03
8.656883369755140334e-03
8.524544483128605049e-03
8.144383903239876821e-03
7.075880314135527156e-03
6.199032882613826796e-03
5.555183057442006009e-03
5.528349699194698777e-03
4.924521078835157432e-03
4.550266738943558979e-03
4.457230401738078961e-03
4.043646766237568753e-03
3.733156938425022213e-03
3.390503299974078136e-03
3.268195149155902687e-03
3.009417246553232599e-03
2.741529809815164941e-03
2.892647025699076040e-03
2.599152762237602002e-03
2.515249644519069409e-03
2.294636294959966245e-03
2.242052572401800458e-03
2.145460037875975435e-03
2.016894823521478853e-03
1.976517221385126928e-03
1.942286910989576626e-03
1.836412070743969867e-03
1.768399571210944356e-03
1.751210199636575506e-03
1.692580553105494517e-03
1.660570178004273315e-03
1.551269891642082085e-03
1.542509465832506317e-03
1.592887666848848355e-03
1.542613497857621202e-03
1.556543599224468298e-03
1.500162557797772578e-03
1.489528872309788367e-03
1.450894553644102667e-03
1.406650335218822059e-03
1.456527734710506188e-03
1.485017059993517683e-03
1.440926547377831789e-03
1.441576130572360618e-03
1.419385635779065466e-03
1.447706098591437524e-03
1.442959955529589866e-03
1.493439041722491182e-03
1.518926914418940394e-03
1.602292695539103261e-03
1.564595328288520288e-03
1.550245351529883553e-03
1.547051468849751366e-03
1.553168690270350814e-03
1.610592369038347941e-03
1.663160504978625654e-03
1.755875054142986809e-03
1.710187937018780658e-03
1.812075206828124086e-03
1.917903293413696650e-03
1.881169991928505290e-03
2.024534881964897958e-03
1.994019973336575921e-03
2.140320682915595411e-03
2.064642427000377110e-03
2.220842743213940259e-03
2.528400894025686907e-03
2.365974958166832190e-03
2.539431037860699365e-03
2.748519343069284835e-03
2.645454655918725358e-03
2.944493833202960036e-03
2.851223616370085132e-03
2.859437337399465401e-03
3.154243419588152568e-03
3.231666277013746369e-03
3.354887077790396493e-03
3.257918203632284050e-03
3.789807817560107792e-03
3.963099434430747761e-03
3.970779158608958234e-03
4.470988106094919701e-03
4.587874354960890140e-03
4.524300829179676506e-03
5.977915012123453595e-03
5.205288103536839447e-03
5.568246395215056647e-03
5.322252611647551590e-03
6.026539203267386458e-03
6.319079733283180719e-03
7.514238697006681011e-03
7.133305458898276524e-03
7.884539574965137437e-03
7.784166627216363397e-03
8.832658526188663997e-03
8.103077176078436750e-03
9.442652442603333487e-03
9.477199290251593980e-03
1.095191178077831000e-02
1.078791518485064035e-02
1.112515074400029051e-02
1.271500097556930997e-02
1.543958737173539014e-02
1.391932554354813160e-02
1.472734193822703916e-02
1.705277194304560123e-02
1.736968607824836835e-02
1.810753761643588838e-02
2.029168946197824203e-02
2.167289561033975548e-02
2.055760999034331529e-02
1.829379202749346900e-02
2.934390994524292001e-02
2.528633872027814464e-02
3.210707286259895099e-02
2.576266224547004574e-02
3.026350094722025930e-02
3.391421299833294323e-02
3.444552394673634776e-02
3.173417631026108354e-02
4.062210460050957178e-02
5.112161137880363165e-02
3.841343770087035647e-02
5.712355930746720184e-02
5.795798253738353167e-02
6.047805062160330897e-02
8.689168682903020136e-02
5.975860048443586842e-02
7.389219869235950922e-02
8.752065129447977876e-02
4.697318147607917188e-02
1.192522002845506357e-01
1.252921433345431101e-01
1.227805899566107445e-01
1.317979982504902947e-01
1.295365652233856080e-01
1.261772651062373352e-01
1.335285445988362019e-01
2.687379426947414940e-01
1.419672643077390106e-01
1.226038779541929885e-01
1.453780255516493314e-01
8.870634082429830480e-02
1.273864070309997376e-01
7.137440292514116713e-01
2.666192036787244368e-01
1.889011505086532205e-01
2.525480326684559906e-01
2.937086846954722885e-01
2.507330586342075285e-01
3.892167742879859005e-01
8.253255405204351636e-01
1.876661246002839234e-01
3.529109063006571900e-01
2.460449591935362779e-01
5.958872207438966617e-01
3.158004510551375432e-01
5.036149350227268062e-01
4.918357887092850156e-01
4.902193649018557475e-01
7.080830614333162298e-01
3.589769650519732402e-01
6.099184890675323212e-01
2.263257520624366137e+00
1.552414454457341941e+00
