5.742151999999933634e-05
5.742151999999933634e-05
5.742151999999933634e-05
5.742151999999933634e-05
5.742151999999933634e-05
5.735682199999934234e-05
5.735792199999933797e-05
5.742151999999933634e-05
5.735682199999934234e-05
5.742151999999933634e-05
9.369737999999834023e-05
5.735682199999934234e-05
1.030109899999987323e-04
5.742151999999933634e-05
5.742151999999933634e-05
1.284154919999984097e-04
1.164047839999984043e-04
6.532031999999902429e-05
8.100942399999866807e-05
5.853654199999929451e-05
1.257019459999989387e-04
1.039944479999985562e-04
9.413523999999915532e-05
2.070350680000001067e-04
2.620313720000037980e-04
2.195072219999985141e-04
2.046834719999997049e-04
2.485185640000033111e-04
1.650169679999984973e-04
2.926469820000039126e-04
2.471052780000036189e-04
2.449844280000026378e-04
2.526898920000015375e-04
3.134919420000043108e-04
3.561491180000069499e-04
5.155242020000083605e-04
3.843065080000046953e-04
3.835432160000077804e-04
5.378611540000105985e-04
6.643360480000101796e-04
9.026132780000137691e-04
6.451710460000089709e-04
7.364023040000098859e-04
9.702677200000149301e-04
1.153626258000015493e-03
1.246455434000018261e-03
1.497503844000019468e-03
1.394922352000018805e-03
2.045533671999973015e-03
2.396845557999964255e-03
1.784250533999999630e-03
2.416188305999954645e-03
2.469022203999976170e-03
3.177538299999946043e-03
3.151537191999955693e-03
4.047015375999921463e-03
4.090160561999922097e-03
4.934014069999914306e-03
5.740098657999893189e-03
5.860956407999886979e-03
5.773965107999906587e-03
7.295404027999895930e-03
7.485556097999915455e-03
8.288656799999929298e-03
9.391022179999946110e-03
9.763929365999965762e-03
1.038861530799995922e-02
1.153867485999997972e-02
1.069330065199997765e-02
1.235005321000000496e-02
1.340739849799999807e-02
1.375672149199998022e-02
1.523475412399994018e-02
1.572962863199998257e-02
1.817380841399996241e-02
1.846533224199991760e-02
1.989507984999993803e-02
2.034961364599989497e-02
2.292599855199994874e-02
2.441528824599988393e-02
2.387051865199991962e-02
2.345473780799992025e-02
2.453948413599989220e-02
2.635681205799993848e-02
2.693931251199992508e-02
2.930660865999997616e-02
2.813338984599998358e-02
2.813980600799997553e-02
2.730234953600000139e-02
3.080390454800006547e-02
3.007403326200000157e-02
3.073005724800004224e-02
3.270548559400008465e-02
3.211054647400000267e-02
3.224029745200014674e-02
3.050523371000005146e-02
3.457547897000012860e-02
3.303891479000002629e-02
3.369179736799993857e-02
3.284629582800002723e-02
3.369305679600004266e-02
3.327305484400002594e-02
3.334531894600006180e-02
3.150217184200002074e-02
3.100761953800007520e-02
3.024649797599998982e-02
3.122045290200006762e-02
2.987394468800011471e-02
2.910912112600016685e-02
2.980824475000012908e-02
2.720199475000013162e-02
2.735657761200012764e-02
2.564551133000019315e-02
2.761354266800018428e-02
2.354228735800017666e-02
2.551786713600023848e-02
2.415244310200022684e-02
2.166250730200021055e-02
2.204606590200021768e-02
2.214992276200020496e-02
2.245080454400024544e-02
1.955565834200017825e-02
2.101863973600024901e-02
1.988105716200020204e-02
1.931297390600021646e-02
1.746765061800019045e-02
1.686879858400020665e-02
1.655292232000016989e-02
1.660107814400019893e-02
1.593730187800018738e-02
1.390584389600015014e-02
1.388002312800015563e-02
1.354213836400015164e-02
1.309267473600015351e-02
1.246656305800012549e-02
1.219658464800012741e-02
1.183361479800010795e-02
1.018233957600011598e-02
1.006931769800008952e-02
1.050373906000010189e-02
9.866579514000087606e-03
9.053546608000090368e-03
9.145219204000071614e-03
8.903054006000063816e-03
8.187496090000065396e-03
7.876657400000059567e-03
6.871995630000053527e-03
7.369117534000045253e-03
6.438692296000029375e-03
5.849551458000022165e-03
5.093408704000017793e-03
5.622157608000014940e-03
5.204910564000024727e-03
4.820037434000014852e-03
4.317121452000009622e-03
4.141020264000005481e-03
4.248738018000007034e-03
3.380033225999989725e-03
3.209449053999985976e-03
3.571376463999995782e-03
3.639363911999994681e-03
3.488784839999994457e-03
3.390009185999991268e-03
2.587271845999990910e-03
2.607925777999990473e-03
2.114564797999990940e-03
2.465504633999992135e-03
2.320785411999991537e-03
2.085056641999992293e-03
2.053946389999992874e-03
2.121508855999992491e-03
1.774562495999996428e-03
1.788412563999993267e-03
1.702098293999994684e-03
1.403488607999996965e-03
1.532967005999997037e-03
1.812298511999995299e-03
1.493484723999996024e-03
1.234581093999997242e-03
1.098450149999998047e-03
9.162588219999995157e-04
1.016324753999997945e-03
1.190611917999997689e-03
1.224683003999997881e-03
7.120082579999997049e-04
6.520884059999995652e-04
9.859816939999988851e-04
8.666062339999984314e-04
8.325557339999990324e-04
8.008020239999993429e-04
8.633646520000001420e-04
6.658455100000001091e-04
7.849757899999991592e-04
6.129688239999996112e-04
5.731900679999999510e-04
4.595058279999998077e-04
4.992457719999998916e-04
4.820965519999998545e-04
4.862872719999998495e-04
5.754608939999995409e-04
