6.982019999999939633e-05
6.982019999999939633e-05
6.982019999999939633e-05
6.982019999999939633e-05
6.982019999999939633e-05
6.982019999999939633e-05
6.982019999999939633e-05
6.982019999999939633e-05
6.982019999999939633e-05
6.982019999999939633e-05
1.053541999999991818e-04
1.592383999999998881e-04
7.290699999999929366e-05
1.065339199999996354e-04
1.435049019999994318e-04
6.982019999999939633e-05
7.306469399999929073e-05
6.974650599999939371e-05
1.083763019999995730e-04
7.599379999999928586e-05
7.408671999999936781e-05
1.202782359999992495e-04
1.547264479999996419e-04
8.969479399999887254e-05
2.550874260000001196e-04
2.717749320000001963e-04
3.380589500000005083e-04
2.071619279999998740e-04
3.136784280000005812e-04
3.481177120000011676e-04
2.240404999999994688e-04
4.541370640000008479e-04
8.098945560000034381e-04
4.939185000000013460e-04
6.765122000000013593e-04
4.547307600000016032e-04
7.785325260000015499e-04
8.601990580000038562e-04
8.980443560000060275e-04
8.064980820000027103e-04
1.116583190000010935e-03
1.726469372000013916e-03
1.175263870000012529e-03
1.682346494000014001e-03
1.328626716000011953e-03
2.095956660000003816e-03
1.614499844000018237e-03
2.286481487999994944e-03
3.063290650917992446e-03
2.697307587999994097e-03
3.144567277999988069e-03
3.631274149999980192e-03
3.813232933999984725e-03
4.517483151999966522e-03
4.969708329999967221e-03
5.359838243999969984e-03
4.828178308917970007e-03
6.279724479999956865e-03
7.501546671999939631e-03
7.896265765999940095e-03
8.318063029999919755e-03
9.026071492917923586e-03
1.006236065599993082e-02
1.082782333891794437e-02
1.017217630291794052e-02
1.164663709091793946e-02
1.205063216291793991e-02
1.226912434675396513e-02
1.449345127275390721e-02
1.509348506983593761e-02
1.493816676999993806e-02
1.743976295491792006e-02
1.710007282999993772e-02
1.916560680799994296e-02
1.858565526783591965e-02
2.146355144799990886e-02
2.177218783491792140e-02
2.143573916691788803e-02
2.277416982091792427e-02
2.145508946167190914e-02
2.408439526983592593e-02
2.632387274291795101e-02
2.624670529383596462e-02
2.692683967691797756e-02
2.743789758383602048e-02
2.860555447183594363e-02
2.797609877291791849e-02
2.876113975999997074e-02
2.966315400655400794e-02
3.064954223563594315e-02
3.206913722471801953e-02
2.996439930291801973e-02
2.971302058200001733e-02
3.148245945491797565e-02
3.019539506271800081e-02
3.257609126783606035e-02
3.142197790800003998e-02
3.052701662799999632e-02
3.170104970291802438e-02
3.010371548291804547e-02
2.936271357491801112e-02
3.050431913091804226e-02
2.929023723071808374e-02
2.968780245779998814e-02
2.908896945491804345e-02
2.716742270651805596e-02
2.620837817491812258e-02
2.792803002691804717e-02
2.692646345363611596e-02
2.752973579071807397e-02
2.507242098091817112e-02
2.510170627800022147e-02
2.452417055471816168e-02
2.385052784471819107e-02
2.316450100671816129e-02
2.220500046091817767e-02
2.168976105800020024e-02
2.029907846051820855e-02
2.044919395380018906e-02
1.920584202180016659e-02
1.949418097383620596e-02
1.712739504875412586e-02
1.774018653383612962e-02
1.669662850200016174e-02
1.628668098800017949e-02
1.671584910800014839e-02
1.488126276380014566e-02
1.467407771380015678e-02
1.373356324000013159e-02
1.393029928360010883e-02
1.384474315980010854e-02
1.205489897980009488e-02
1.263629048871809345e-02
1.109279130871808176e-02
9.592030228718090995e-03
1.015108635780008484e-02
9.304374041800062348e-03
8.876109422000065183e-03
7.959151891400057313e-03
9.070313454918066745e-03
7.185457201600047548e-03
7.454228632718046602e-03
8.369078962000054550e-03
7.659237733600042855e-03
6.074422045800029896e-03
6.382103416000024440e-03
6.631970556518033966e-03
5.392818515400012343e-03
5.185630047800016650e-03
5.847972165200025427e-03
5.369708081600030498e-03
5.428419578000021409e-03
3.621516539799992437e-03
4.130291284000005281e-03
4.849023034000015525e-03
3.919504775799999632e-03
3.808138979600004387e-03
3.666651137799997479e-03
3.408955118517992700e-03
3.057283509999988904e-03
3.193418949999991385e-03
2.436628665799992540e-03
2.197183305599990748e-03
2.703435484717991999e-03
2.182293523799993043e-03
2.600413685599992780e-03
1.913307925799994117e-03
1.809318575799994788e-03
1.784911399999994418e-03
1.820024657399993331e-03
1.582041609999995787e-03
1.507866387999996349e-03
1.864988461799994010e-03
1.432729387999995621e-03
7.879160277999998742e-04
1.591238767999995658e-03
1.278254893999997881e-03
1.068273355999997936e-03
1.519422867799996883e-03
1.212203033999996850e-03
7.114425497999999704e-04
1.038237081999998602e-03
1.163745817999997266e-03
1.023218167999999113e-03
7.939468880000002645e-04
6.807918239999998867e-04
6.592033437999996696e-04
7.594392100000000190e-04
6.652848659999997197e-04
8.240615958000001122e-04
7.839228659999999483e-04
4.007298980000004282e-04
4.478752497999998893e-04
3.957726780000005076e-04
4.891433079999998965e-04
5.144619839999998827e-04
3.897218740000004560e-04
3.769913118000004469e-04
3.713071540000006596e-04
3.273369400000003754e-04
