7.037096899999925072e-05
7.037096899999925072e-05
7.037096899999925072e-05
7.037096899999925072e-05
7.037096899999925072e-05
8.613396899999947232e-05
7.037096899999925072e-05
7.037096899999925072e-05
8.081916899999928394e-05
7.927576899999936916e-05
7.037096899999925072e-05
8.304867099999927891e-05
1.059049689999998765e-04
7.030177299999924563e-05
1.071653419999998749e-04
7.837932199999931258e-05
1.222254799999998739e-04
1.169190710000003633e-04
1.185291500000002575e-04
1.955672460000018695e-04
1.155677729999998521e-04
1.284320260000003768e-04
1.396246920000004368e-04
1.516650570000008756e-04
1.854487700000012368e-04
1.258075090000005108e-04
2.750349080000020195e-04
2.236748970000012270e-04
1.901118640000014229e-04
3.179554320000016086e-04
2.359029440000007195e-04
4.161097304590016181e-04
4.403999990000046915e-04
5.698783730000119615e-04
5.626374230000121338e-04
7.000327630000149036e-04
6.321488850000114455e-04
8.382351080000153979e-04
9.566511050000066135e-04
9.487542624590057042e-04
9.857878454590056610e-04
1.381483927999991928e-03
1.429300894458985062e-03
1.339448340999986522e-03
1.429469231999988717e-03
1.685300123999979591e-03
1.983089785999974687e-03
2.260434519999973604e-03
2.493059524999971608e-03
2.940258210458965640e-03
3.600800074376945062e-03
3.688120881917938444e-03
3.711267326999934807e-03
4.148015141999927997e-03
5.220233495999909885e-03
5.308710765999901868e-03
5.756378709458906048e-03
6.220578571458900211e-03
6.777755859917908472e-03
8.044829634917904579e-03
8.013943833458887778e-03
8.088756923917882202e-03
9.364854823999865449e-03
9.587799223999878689e-03
1.061476215483586963e-02
1.142537888337687504e-02
1.294915740237688982e-02
1.282563888691788320e-02
1.384038565899992947e-02
1.478990780037701437e-02
1.570928905291805663e-02
1.679854733283614107e-02
1.726064969137711472e-02
1.923782575345917359e-02
1.966899897145918744e-02
2.081771807000014698e-02
2.132128779945922231e-02
2.192797520237719025e-02
2.309007259045917429e-02
2.361517906591825700e-02
2.432163050575409172e-02
2.527191380437719334e-02
2.646221622037711954e-02
2.647309792100010703e-02
2.763122673911304339e-02
2.634940825583603763e-02
2.903753491537707301e-02
2.825397058829504440e-02
3.028738277083601119e-02
2.965086153729500767e-02
2.997736283983608654e-02
3.094077137737695493e-02
3.034926601437694729e-02
3.064314689291799260e-02
2.940023106291785732e-02
3.010801969527695382e-02
2.951738302557193466e-02
2.928748111527689976e-02
3.084671354429499232e-02
3.004370579299991267e-02
2.947934593091784336e-02
2.986645227381774792e-02
2.933281716545887985e-02
2.845480186081785975e-02
2.835001520491779378e-02
2.799502075827679792e-02
2.756580898137677912e-02
2.606447121983589479e-02
2.613322476591783267e-02
2.551351490791788079e-02
2.505994118963584052e-02
2.520585493073585967e-02
2.306041054883584823e-02
2.311296303435882854e-02
2.193161095191789936e-02
2.166189324307697325e-02
2.070505678071787523e-02
2.032074437235888154e-02
1.909498041419497097e-02
1.827926557299996285e-02
1.793512872325898552e-02
1.784422549107694475e-02
1.687066761235900270e-02
1.774634019545900596e-02
1.611125945635901585e-02
1.541929639171807538e-02
1.497446065891807135e-02
1.434757726280009617e-02
1.338787870627714677e-02
1.356594039490014239e-02
1.235075756190022640e-02
1.203329149045921642e-02
1.166750223061818574e-02
1.184266143490018443e-02
9.547939939800135362e-03
9.871098254818168327e-03
9.244762618000132090e-03
9.749114384800179264e-03
8.561430218359153757e-03
8.351185208359132583e-03
7.783054959700113837e-03
7.685972138259110006e-03
6.819602878359094789e-03
6.474475219000088398e-03
6.435202380636079189e-03
6.234980224359081870e-03
5.627456447800065556e-03
5.915155194900090056e-03
5.290287295900057349e-03
5.286858274000057201e-03
4.911888485900055973e-03
4.640010671700060124e-03
3.604470785459038332e-03
4.518067692918056009e-03
3.887746958000041358e-03
3.747549488259029754e-03
2.957118502000022613e-03
3.475204133000025456e-03
3.596969315000030174e-03
2.763710598000013174e-03
3.027887091000016056e-03
2.608958326000011905e-03
2.403909411359014640e-03
2.554108471000013543e-03
2.230688317800002662e-03
2.224467514800007248e-03
2.021769851459004948e-03
1.864932182999998753e-03
1.748630271999996244e-03
1.714104437999997965e-03
1.503717323358993345e-03
1.511640995999994578e-03
1.433898188999993681e-03
1.568422311999994071e-03
1.188266852999994962e-03
1.440302277999994411e-03
1.249916065458995433e-03
1.231040383899996296e-03
1.029808639899995517e-03
1.018190971999995663e-03
9.969123158999951533e-04
9.988047739999967450e-04
9.713429619999964116e-04
8.601863927999968277e-04
8.176796289999978956e-04
8.187998778999974270e-04
7.132605458999970388e-04
7.426297228999982928e-04
8.376332168999972658e-04
5.216445769999982721e-04
4.953835209999991754e-04
6.665761149999978015e-04
5.625911939999990972e-04
5.918619668999990351e-04
5.343957269999981882e-04
4.297356938999998422e-04
5.016312594589989859e-04
3.992179479999995151e-04
3.842054949999999585e-04
3.192795880000000937e-04
