5.913499599999871712e-05
5.913499599999871712e-05
5.913499599999871712e-05
5.913499599999871712e-05
5.950592599999871257e-05
7.715157699999874519e-05
5.910264699999872012e-05
7.686964699999864674e-05
5.913499599999871712e-05
7.061004699999860930e-05
7.686964699999871450e-05
5.912566599999870818e-05
1.199292979999996053e-04
8.240399899999868174e-05
1.251890400000006231e-04
9.292964799999877019e-05
8.081904699999874144e-05
9.640238999999872923e-05
1.231408650000005993e-04
7.224594899999838688e-05
1.046893259999997139e-04
1.560541170000058551e-04
1.349185570000043454e-04
1.608357200000045371e-04
1.402279120000042816e-04
1.834106570000043482e-04
1.784074740000044499e-04
1.407532380000040624e-04
2.664894780000096530e-04
3.115147200000062703e-04
3.446850520000098320e-04
2.853277870000091483e-04
3.506635920000079616e-04
3.152991070000074917e-04
4.966663790000137640e-04
5.841141380000135956e-04
7.048504830000162057e-04
5.611741520000152264e-04
6.137328660000173275e-04
8.300386500000123211e-04
7.728076260000171522e-04
8.970720699999930586e-04
1.007743115999989092e-03
1.023572908999983511e-03
1.197511559999973971e-03
1.364153552999964290e-03
1.457108517999951671e-03
1.676055952999951169e-03
1.800559207999945580e-03
1.892267638999938027e-03
2.146654840999920322e-03
2.217625493999916039e-03
2.784032321999905558e-03
2.888307659999896429e-03
3.024004871999897912e-03
3.638048623999907798e-03
4.292792949999912205e-03
4.597869882999922400e-03
4.815613174999918908e-03
5.284089655999931086e-03
6.487520036999947469e-03
6.123418979999949510e-03
7.188694097999941308e-03
8.385943203999914053e-03
9.223464449999914730e-03
9.761594370999902848e-03
1.094689720999988611e-02
1.041668429599985554e-02
1.187581749499986086e-02
1.283529045299984517e-02
1.295697802099988333e-02
1.566936535500010677e-02
1.540280865000006293e-02
1.659763362800011771e-02
1.831060585900026044e-02
1.880087353700025249e-02
1.872598281500021528e-02
2.035664135900025137e-02
2.093879584700025775e-02
2.192777930300021660e-02
2.380216565000031412e-02
2.394914680600023979e-02
2.569134484300025084e-02
2.509397806900024244e-02
2.548431204400021174e-02
2.794641273800023765e-02
2.874755315800022262e-02
2.794502752300019252e-02
2.914985845300014852e-02
2.968842406500014561e-02
3.105117344700024720e-02
3.096404890600010229e-02
3.204212454000025107e-02
3.253362114100025876e-02
3.098479966400010874e-02
3.028012936100011460e-02
3.158688399200023506e-02
3.244631780500014523e-02
3.182861990399996760e-02
3.111423128100011468e-02
3.215533294600010639e-02
3.099205449300004508e-02
3.383237769600004607e-02
2.982673445400009851e-02
3.139319660900011938e-02
3.038520981199995322e-02
3.034583519300002030e-02
2.970152157899986350e-02
2.824607737399993657e-02
2.776157573799992520e-02
2.720744750399991738e-02
2.763318686699986482e-02
2.672365124399991160e-02
2.617720307299991819e-02
2.588429229099982118e-02
2.484564315399991064e-02
2.428599355899990417e-02
2.363395459499983281e-02
2.274278903999989512e-02
2.244722640799990537e-02
2.082624325099999632e-02
2.053519950199993518e-02
1.909397009399996237e-02
1.828704166400004980e-02
1.886219295900002854e-02
1.728396013200005077e-02
1.708567904800005824e-02
1.654108177500001470e-02
1.580152986200010837e-02
1.545165799300013063e-02
1.458955312900014553e-02
1.371298995400021224e-02
1.289658750300021889e-02
1.265257756200022406e-02
1.158096984000024122e-02
1.169973111500019307e-02
1.081273175900021935e-02
1.086567798600021097e-02
9.882276047000180391e-03
9.393216323000164181e-03
9.003250864000179529e-03
8.611607333000174599e-03
8.661953428000164837e-03
7.891004015000127950e-03
8.099241744000137619e-03
7.447859887000124642e-03
7.509666435000110496e-03
6.713714652000122261e-03
6.759566401000110560e-03
5.676468500000075683e-03
5.664944742000087123e-03
4.987084110000065615e-03
4.998540075000077430e-03
4.849308674000069388e-03
4.046721730000049644e-03
3.970424784000036074e-03
3.873638889000037642e-03
4.012174232000049676e-03
3.611371564000030645e-03
3.616773620000033294e-03
2.995148512000018765e-03
3.078149056000022404e-03
2.888288014000018732e-03
3.001347647000020963e-03
2.734811730000014617e-03
2.452968128000013615e-03
2.790570553000020805e-03
2.091760108000003272e-03
2.212239001000003424e-03
1.996292432000001948e-03
1.805734063999996086e-03
1.730756011999995793e-03
2.081760834000006850e-03
1.793614477999998106e-03
1.444839837999992377e-03
1.459378004999991631e-03
1.228797087999993582e-03
1.401419847999993244e-03
1.181265053999993849e-03
1.181089857999994587e-03
1.022487239999994579e-03
1.069400331999995502e-03
1.035039727999995107e-03
9.686468079999954522e-04
1.059030253999994732e-03
7.115222939999978720e-04
8.592175629999960259e-04
7.060770649999975135e-04
6.219133539999981315e-04
7.800353669999976610e-04
7.558082629999979306e-04
6.180331689999980609e-04
5.609383199999988046e-04
5.390812159999988770e-04
4.804393329999987632e-04
4.193869619999995705e-04
6.094881849999987623e-04
4.497744079999995153e-04
6.046190469999986527e-04
4.401370979999997754e-04
