3.484474487999807330e-04
3.318028903999855868e-04
3.757145073999775854e-04
3.589637176999801874e-04
3.831407336999825722e-04
4.458087563999759773e-04
4.173559363999788290e-04
4.232932916999790460e-04
4.367868770999778138e-04
4.573409029999803274e-04
4.455177663999789991e-04
5.274178193999803444e-04
6.121462350999740381e-04
6.361234058999792581e-04
6.065717399999765282e-04
7.312379796999790528e-04
8.000716390999775473e-04
8.784167191999784621e-04
8.939560524999826639e-04
1.096915287399989614e-03
1.234273386699992264e-03
1.280039464299990559e-03
1.758331276199989876e-03
1.930896197799987415e-03
2.301273609999976259e-03
2.442007841999978800e-03
2.460575760199978056e-03
3.164289508399971678e-03
3.726111153000062105e-03
4.428220541800142150e-03
4.616255335200178909e-03
5.055990636000187201e-03
5.317837302800235144e-03
6.150543881100292189e-03
7.771550088900239933e-03
7.866849907100251227e-03
9.479567523400225446e-03
9.954969517400200085e-03
1.050677466200022891e-02
1.168045273990019756e-02
1.366794498730009542e-02
1.579964343719983746e-02
1.566866865449987462e-02
1.610216547799982537e-02
1.970041306739960668e-02
2.096610231939947944e-02
2.204002319059942053e-02
2.348901475869939748e-02
2.413489086299927533e-02
2.872591289409919674e-02
2.939750986029910154e-02
3.228423202019914395e-02
3.148767113569921755e-02
3.648924255889906404e-02
3.861433278309921863e-02
3.977195562949910335e-02
4.466458836939930094e-02
4.438172635419933287e-02
4.593373108809945676e-02
4.715319214619941024e-02
5.058568632849941987e-02
5.396280872249948485e-02
5.710264009029973609e-02
5.812998904639975900e-02
5.889233756879962145e-02
5.974300960399967636e-02
6.105822875859973076e-02
6.215799666219944813e-02
6.662091551899985975e-02
6.513122915019958770e-02
6.765681073759970132e-02
6.635651090639943517e-02
6.934983400689968824e-02
6.978339469899949576e-02
7.061530767899965033e-02
7.222710881539988470e-02
7.217495076589962311e-02
7.331690617519986963e-02
7.209114885039924481e-02
7.100459993709952455e-02
7.188794963039946140e-02
6.926040807609964989e-02
7.201583971089946246e-02
7.054783019069967021e-02
6.655193057919965571e-02
6.877680777099985654e-02
6.788048782939977432e-02
6.802920636899943696e-02
6.471966138659974999e-02
6.340848598789973478e-02
6.352778776359978286e-02
6.056852814979987731e-02
5.894382796280000364e-02
5.885213263329982375e-02
5.990670719420009005e-02
5.597656807410028579e-02
5.387916756230033688e-02
5.446365456840007030e-02
5.106898069090050341e-02
4.927698640610036346e-02
4.717948440300026580e-02
4.724265445090036070e-02
4.400882999830024733e-02
4.374145593850021357e-02
4.203738383260020167e-02
3.943394535520013816e-02
3.990839494430014484e-02
3.693446978820014159e-02
3.602128930630006665e-02
3.605196177760016524e-02
3.449474292940007958e-02
3.166506263789990033e-02
3.095556128999985002e-02
3.056322248019993637e-02
2.836674008489983509e-02
2.843814360789983717e-02
2.461735689969966195e-02
2.368178292819970998e-02
2.409069074859958304e-02
2.272710911589971919e-02
2.120531851929974981e-02
2.124735933919971384e-02
1.958333831439977232e-02
1.774631346119984535e-02
1.620940408819990242e-02
1.624653576799988189e-02
1.598324823849985379e-02
1.465480657499991513e-02
1.519105427059993206e-02
1.280429708000002838e-02
1.318541976019998486e-02
1.267364505929999621e-02
1.134635980430000884e-02
1.106395088710000058e-02
9.129819838800004236e-03
9.784568511100006499e-03
9.193208013100017187e-03
8.425329436999987043e-03
7.084972807300000432e-03
7.698282985999990724e-03
7.023775762700003311e-03
6.467908400099982302e-03
6.194405169999988962e-03
6.496314298100000842e-03
4.932841206600003039e-03
4.845916156899994325e-03
4.622610994499993728e-03
4.374432456700000013e-03
4.898154745000001843e-03
4.617872449900002965e-03
4.136533233299988233e-03
3.505725336799989707e-03
3.488641797899982855e-03
2.933147223799993392e-03
2.952002212399990836e-03
3.157619544599996574e-03
3.178058182999992862e-03
2.814506714499993498e-03
2.119335267499995214e-03
2.252701824499998839e-03
2.305581662699995697e-03
2.070838645999995876e-03
1.934469497599999258e-03
1.495899509499997067e-03
1.626787209099998365e-03
1.586139485199996365e-03
9.673985576999996356e-04
1.393448619199998389e-03
1.252590837299998689e-03
1.280586762799997219e-03
9.058590394000004759e-04
9.760657316000000095e-04
6.557927141000002543e-04
8.147355534000006545e-04
6.827921081000010552e-04
6.554540178000003818e-04
7.203751735000002692e-04
6.947457704000007143e-04
6.857839553000009188e-04
7.337444583000002048e-04
4.976935584999998352e-04
4.943576949999995643e-04
5.424927771000007722e-04
7.753687549999998228e-04
2.904660291000001537e-04
3.697655996999997638e-04
4.556344907999993377e-04
3.742402702999997983e-04
1.301895602999999558e-04
2.506993432999996539e-04
3.531397168999995235e-04
2.432639951999998476e-04
2.273298764999999856e-04
6.539580330000009276e-05
2.480163621999996394e-04
1.755048423000000579e-04
1.588165619000001807e-04
1.856969957999999731e-04
1.380449497999998345e-04
1.694174480999999981e-04
