3.974887069000069412e-04
3.982691426000071382e-04
4.424505086000057462e-04
4.417521589000068761e-04
4.722205636000077300e-04
4.660056025000044446e-04
4.924415678000037752e-04
7.271058882000036973e-04
5.596502417000047067e-04
7.527669222000030842e-04
6.125715132000036662e-04
9.173808087999841014e-04
7.724289992000020607e-04
1.024079060199950281e-03
9.457731854999778046e-04
9.274950386999778699e-04
1.071905586399948514e-03
1.397446869099912368e-03
1.609646437699921613e-03
1.518424878399903585e-03
1.877993958699935521e-03
2.067889194199944158e-03
2.354808224900008674e-03
2.446087666500014468e-03
3.074820844500020505e-03
3.273281849300061982e-03
3.495880314300067130e-03
4.147961130200168711e-03
5.177723324700272273e-03
6.037667921100306305e-03
6.328020840600345580e-03
7.495472989100336776e-03
7.618420047700330544e-03
8.547065160900337716e-03
9.937601387300367892e-03
1.060903284850036113e-02
1.126891794960037038e-02
1.318569494670028368e-02
1.477861264799989333e-02
1.578024450839965453e-02
1.682085470119962581e-02
1.773818753479928026e-02
1.993465800279911604e-02
2.156815249419890418e-02
2.294638841009874128e-02
2.531763694279856938e-02
2.583376282589867901e-02
2.788163849919906082e-02
2.946667523649909581e-02
3.295091640559921070e-02
3.662787588999942556e-02
3.779821194389954703e-02
3.950007061569979494e-02
4.130913706219979664e-02
4.384410261539970627e-02
4.639942188609999518e-02
4.924322679520007351e-02
4.860589052320005155e-02
5.429040737949940992e-02
5.547635762069969695e-02
5.613276691579961730e-02
5.754735240609925445e-02
6.160881032409954577e-02
6.314587487589917725e-02
6.255742402039941863e-02
6.465152576849936272e-02
6.712485433179939120e-02
6.799644465809909222e-02
7.027944730319944655e-02
6.937231425189929745e-02
7.190945399839944463e-02
7.170261941819924822e-02
7.361283454649922287e-02
7.570438338759906405e-02
7.224562210439940124e-02
7.398667258289927384e-02
7.479575555319946389e-02
7.474947824039941680e-02
7.458663927829956020e-02
7.298635876719973548e-02
7.096142684439964154e-02
7.248875997959962347e-02
7.413134861499975914e-02
7.085498905339993048e-02
7.147968787920012945e-02
7.067849773079974696e-02
6.723275506499987175e-02
6.529178699660018181e-02
6.356276272580041464e-02
6.464894843340028563e-02
6.435951970640027553e-02
6.698719001870014067e-02
6.220877483900041915e-02
6.150337856660043762e-02
5.628019281780066024e-02
5.554920435930073286e-02
5.408403930720071667e-02
5.283187452670080192e-02
5.120700142260097704e-02
4.980213970030085424e-02
4.743273883350077047e-02
4.579976215340078594e-02
4.258297877200072773e-02
4.459799666410073360e-02
3.945777277990067389e-02
4.097644737880070526e-02
3.772613573480056853e-02
3.700178922080039207e-02
3.486777641720051335e-02
3.467643120970049370e-02
3.243772016890038995e-02
2.996540757880017739e-02
2.830543643370007911e-02
2.866581660410020757e-02
2.583184500619993204e-02
2.589310015679987392e-02
2.491350982259989133e-02
2.253986009569986307e-02
2.206780305309988949e-02
2.044982658149991153e-02
1.894925702789996766e-02
1.951607977739997293e-02
1.904099930369991187e-02
1.835378905319993634e-02
1.564693231509990679e-02
1.532599543229992527e-02
1.402461485889991769e-02
1.359362167239991370e-02
1.322367157309991756e-02
1.196506915929993267e-02
1.215947225169992062e-02
1.147292206429993862e-02
1.057061630269992211e-02
1.045774286559993105e-02
9.281932339699927592e-03
9.166942793899931011e-03
7.748301777399937799e-03
8.070887551999944565e-03
8.087866717499937047e-03
7.964116561299930397e-03
7.219355274799946036e-03
6.147745416899937781e-03
5.959252840999949320e-03
5.995713805499956403e-03
5.748396211599954807e-03
5.096184995399962239e-03
5.168271078799964273e-03
4.401663906199978007e-03
4.015510178299975391e-03
4.213721302999969866e-03
3.620583840099980168e-03
3.672256802599974806e-03
2.901512758899989046e-03
3.066385864799983825e-03
2.431892542999996264e-03
2.727947553199988086e-03
2.222599971599992751e-03
2.551441503299992607e-03
2.229953001699997578e-03
2.033706869099992636e-03
2.079572463599996951e-03
1.484586253900001046e-03
1.760715972599996787e-03
1.126253102400001259e-03
1.379405790399998053e-03
1.677489053900000021e-03
1.562134754600001587e-03
1.183818228600000801e-03
1.184184432300000502e-03
1.371938974100000378e-03
1.063522307000000630e-03
1.007950717000000032e-03
8.577540677000005135e-04
8.040004865000012274e-04
8.151245613000009148e-04
5.619305744000004186e-04
7.917677279000002273e-04
6.590369223000001496e-04
4.996837090999997535e-04
8.698480995999996858e-04
7.319551644999997301e-04
3.781320105000000029e-04
3.195283321000000820e-04
3.262862079999997241e-04
4.850877831000001959e-04
4.679832647999996307e-04
5.901892340999997716e-04
3.460425588999997042e-04
2.464167385999994735e-04
3.668578822999996091e-04
4.284615068000003388e-04
1.962227974000002432e-04
1.588591618000000929e-04
2.195613212000000359e-04
1.502972070000001227e-04
1.682596483000000579e-04
2.925375057999996431e-04
2.356037590999997917e-04
4.012469216999995400e-04
2.515292445000002260e-04
