4.327797473999981173e-04
4.018308426000017546e-04
3.801440766000021231e-04
4.659713140000009963e-04
3.374898266000022663e-04
4.802744357999914611e-04
3.942370154000010714e-04
4.901355311999933302e-04
4.993845173999898919e-04
4.562447697999945460e-04
5.853388771999872616e-04
5.577604285999863661e-04
7.300882097999798455e-04
5.719124143999912598e-04
6.593173063999871724e-04
9.468767715999745933e-04
8.975104451999794388e-04
7.673499543999815322e-04
1.157952991799973382e-03
9.159776507999820494e-04
1.166018638799979279e-03
1.513266598599977619e-03
1.414834487399971742e-03
2.136683740799991127e-03
2.604223806199995345e-03
2.001205503399988185e-03
2.805135396399993826e-03
3.073623876799998645e-03
4.072241605199976820e-03
3.836396566799979944e-03
4.540306050399982828e-03
5.308339559999978273e-03
5.808107833399969548e-03
6.035467793999968293e-03
6.941554548400033671e-03
8.624123136400110856e-03
9.223213355200170563e-03
9.078970450600194753e-03
1.126765434340024422e-02
1.212020053220029710e-02
1.352341276260028528e-02
1.367380970500029456e-02
1.600071091920023461e-02
1.716632210520020740e-02
1.873446033560021221e-02
2.148528473740019679e-02
2.149194564560016549e-02
2.452811054560021659e-02
2.584945639160013062e-02
2.940427708659994546e-02
2.992003731199990163e-02
3.139505264499981019e-02
3.387740150879967743e-02
3.882301559959965009e-02
3.704226834879962432e-02
4.156045027039948631e-02
3.933468539659966401e-02
4.394330349359941434e-02
4.759814059219932836e-02
4.703166741059949113e-02
4.873144334119925564e-02
5.014671404859918219e-02
5.259726051119924944e-02
5.512357565059954750e-02
5.986809714459956355e-02
5.975526346119952592e-02
6.050000430079943703e-02
6.439470691019962001e-02
6.604204765099930263e-02
6.436890511919968194e-02
6.177538833199949092e-02
6.666948327499966354e-02
6.864238830599964092e-02
7.081882578719943255e-02
7.076255694439972932e-02
6.939899955759971928e-02
6.851840979799980746e-02
7.186902593259983374e-02
7.149102048899977357e-02
7.233154237839990730e-02
7.210299263039983420e-02
6.749568188659986478e-02
7.036745070199995622e-02
6.667423381879981903e-02
6.586415908419961107e-02
6.761884759379989396e-02
6.812877089239981199e-02
6.875939957979983197e-02
6.810830963399998328e-02
6.274062201319968723e-02
6.453004570819978469e-02
6.056498414239963601e-02
5.825399972619952488e-02
5.919830759579985252e-02
5.739731865059974347e-02
5.560019242439958459e-02
5.597763579079955559e-02
5.004478346479960399e-02
4.968837736979949543e-02
4.630694537639950398e-02
5.051629242019964328e-02
4.552952568459950333e-02
4.353156895059955706e-02
4.201385193339966101e-02
4.297176530599968597e-02
3.828302658359972882e-02
4.027764751399967591e-02
3.761536416659979482e-02
3.451442979619992468e-02
3.262154504479985312e-02
3.186178900099978506e-02
3.041285296660001247e-02
3.240906023139988185e-02
2.864212586959995893e-02
2.710619958240001112e-02
2.769839603199998959e-02
2.613817646920004595e-02
2.494211655900000629e-02
2.438131460800002648e-02
2.013979838280002127e-02
2.082117694580004619e-02
1.986353090540006125e-02
1.850909355740003662e-02
1.702350081160001680e-02
1.615987675500001400e-02
1.545631015660002550e-02
1.583993668820000977e-02
1.332618216700000822e-02
1.233470802559998893e-02
1.337239921100001616e-02
1.189360953499997951e-02
1.188420361359999837e-02
1.233247877919998840e-02
9.259147722599985614e-03
1.112750908800001250e-02
1.009950541439999343e-02
8.266828700799996529e-03
8.753585649799996288e-03
7.577958977199976409e-03
7.720238390599983708e-03
7.367437755199989467e-03
6.477227804399992260e-03
5.919969562199984235e-03
7.314168444599994205e-03
5.795941806999996108e-03
6.272627179999986508e-03
4.573845559999994287e-03
4.631372785599988627e-03
6.041293998199983271e-03
4.203286903199986678e-03
4.626867230799991751e-03
2.805509718199997171e-03
2.726039471599997748e-03
3.461422185399997027e-03
3.278570510799994498e-03
3.013604220999999573e-03
2.210736847399999601e-03
2.648493403199998590e-03
2.214398529999997683e-03
2.215659042800000120e-03
2.399063344799997905e-03
1.465905712200000783e-03
1.531023605599999464e-03
1.753553861800000429e-03
1.329714512800000449e-03
1.623194935200000886e-03
1.347184992600001944e-03
1.328278926199998869e-03
1.742232369400000631e-03
1.275509014399999180e-03
1.352188382000000253e-03
8.330319859999994487e-04
7.909530725999997436e-04
1.102953518199999454e-03
6.958996572000000812e-04
7.615647695999997781e-04
9.838928885999998885e-04
7.354454767999994832e-04
5.912030610000001875e-04
4.719743184000002177e-04
4.479772684000002067e-04
5.748245657999993385e-04
2.878242162000001236e-04
9.642416841999996210e-04
6.515847841999995076e-04
1.664152930000002912e-04
6.419115015999992757e-04
1.761507234000003286e-04
3.732766275999999323e-04
4.560161157999999661e-04
1.752584308000003496e-04
3.832098306000000982e-04
2.714281497999997605e-04
2.811496568000000900e-04
1.365002522000002881e-04
1.448891275999999713e-04
7.532267479999998449e-05
6.525934199999998170e-05
3.524792077999999696e-04
2.202116952000001565e-04
