4.052763182000115199e-04
3.929725922000110389e-04
5.261583902000047802e-04
4.474983074000121329e-04
6.981841494000072534e-04
5.315455568000099825e-04
5.850739314000080911e-04
5.933223062000072667e-04
4.463417622000091095e-04
6.707791814000062724e-04
6.975788146000045514e-04
8.592888182000052964e-04
9.324506360000061646e-04
8.027028148000067351e-04
8.864882742000060713e-04
1.054339218200005647e-03
1.043115449400003596e-03
1.263826229000002349e-03
1.444294047800002935e-03
1.628681193400000320e-03
2.015625851199952592e-03
2.064650300599944147e-03
1.982086529799952698e-03
2.182652988799954012e-03
3.072595162599917919e-03
3.228754285999916370e-03
3.852839512199938109e-03
4.097302302599981245e-03
5.049320930599981994e-03
5.174870918999988773e-03
5.906849708600020281e-03
7.130101154400095807e-03
8.145040922200166150e-03
8.688285301200190242e-03
1.000694473960020425e-02
1.109953288180029647e-02
1.216481128600029570e-02
1.235366332200026930e-02
1.293030311060030038e-02
1.488286232140027809e-02
1.698802934460025629e-02
1.895695451060029971e-02
1.904896727740030063e-02
2.138468915700029657e-02
2.314355587480030133e-02
2.362663426080030202e-02
2.604316316580026353e-02
2.820919512760008963e-02
3.106009438739986903e-02
3.222247990459949085e-02
3.499327075319956515e-02
3.841262354359940845e-02
3.640587724059941854e-02
4.051679995419935759e-02
4.186835002539931322e-02
4.589370121499925653e-02
4.697006386659920846e-02
4.908474204079922576e-02
5.221360642599919694e-02
5.328026054039927684e-02
5.421925665159916391e-02
5.734516462599950626e-02
5.955065485899946331e-02
6.013518682099967122e-02
6.221822194799959960e-02
6.341758626819961331e-02
6.788589985879979471e-02
6.827144652959986348e-02
6.611222794279979220e-02
6.826684238419995776e-02
6.765589641719954583e-02
7.019862745579982799e-02
7.069977257619994293e-02
7.258236117399986809e-02
7.486533780379998892e-02
7.230164589960004495e-02
7.091457421940006167e-02
7.308446964880019325e-02
7.305153733100018532e-02
7.419361578940025792e-02
7.274221792700021061e-02
7.298147957220015025e-02
7.051466419180035805e-02
6.933141517100004092e-02
6.572416688360017967e-02
6.730772527180009512e-02
6.793076490380019206e-02
6.807100774500035589e-02
6.780290716500023129e-02
6.538547837580012401e-02
6.331881511300016530e-02
5.997542494240020589e-02
6.157764900480006826e-02
5.811533214579996109e-02
5.490858318020006013e-02
5.598077418300000802e-02
5.201656610419987808e-02
5.281258659700002051e-02
4.920260471179987299e-02
5.100609729839982592e-02
4.741864449419994076e-02
4.165057557399982902e-02
4.450991848179988025e-02
4.146966424679982000e-02
3.831493956319992344e-02
3.980765736519997072e-02
3.576484057479999840e-02
3.693479245660000188e-02
3.682869742959987008e-02
3.338656486179997218e-02
3.258670403779989622e-02
3.138983520939986338e-02
3.232412416019997403e-02
2.778751788679990203e-02
2.657247294959987419e-02
2.652108019899991967e-02
2.355393260259992100e-02
2.295384406159992063e-02
2.327638158779989086e-02
1.761640175619993975e-02
2.023122455919990070e-02
1.891248070639990619e-02
1.978661296299991795e-02
1.747426656759992758e-02
1.666529889839994324e-02
1.401464030679992756e-02
1.476305103219993121e-02
1.335643654479991976e-02
1.352866113499994263e-02
1.192272430839994186e-02
1.299621739119990668e-02
1.115251812539992844e-02
1.111186430639994789e-02
9.615613659599956536e-03
9.761789067999945835e-03
9.465880952199962409e-03
8.282292130399966992e-03
6.820736201199977672e-03
7.565693624199950479e-03
7.150601443199963193e-03
6.175497618199981935e-03
6.062824166399985448e-03
5.815774333799984298e-03
5.189777456199990563e-03
4.859034732199991533e-03
5.122645704799992129e-03
5.756562245799981721e-03
3.588797563599999910e-03
4.164673805999986184e-03
3.279942490199998315e-03
4.087673529799994675e-03
3.479747855400000880e-03
3.105168695000001290e-03
3.057272482800002869e-03
3.318483879599999284e-03
2.592414980799999727e-03
2.059977173600001724e-03
2.741471704200000494e-03
1.843536253600001678e-03
1.816994793599999896e-03
1.741282191400000913e-03
1.211961194000000857e-03
1.762245964000000659e-03
1.425175517600001151e-03
1.203251472199999821e-03
2.241903767399995931e-03
8.830810019999994201e-04
8.405104239999998655e-04
8.577035877999993453e-04
7.990208797999997841e-04
8.129700855999986509e-04
8.346143215999997931e-04
7.886654709999994448e-04
3.918663343999999782e-04
7.417861647999996312e-04
8.589398171999996969e-04
7.243828777999994405e-04
1.187168262599999202e-03
8.266922269999997085e-04
1.475449856000001284e-04
3.949803730000001523e-04
5.574839127999994337e-04
4.169874198000001115e-04
3.585503528000001661e-04
4.200058543999999022e-04
2.705673534000002222e-04
1.275973508000000155e-04
5.611526999999992462e-04
2.984020914000001649e-04
4.280085756000000762e-04
1.767269860000001140e-04
3.334680243999999915e-04
2.091068894000001541e-04
2.141148630000001872e-04
2.148208742000003190e-04
1.487245752000001869e-04
2.933596380000001963e-04
1.726613546000003020e-04
4.652999120000001556e-05
6.783584899999998573e-05
