9.351085199999798218e-05
6.468034339999946005e-05
7.090509739999986249e-05
8.046329419999903034e-05
7.296289099999857806e-05
9.155806969999824823e-05
8.905159389999825676e-05
1.266652429999997145e-04
1.074231767999990164e-04
1.097793355999989291e-04
1.085617911999991867e-04
1.042828471499983599e-04
1.187330251499997075e-04
1.691460195000020191e-04
1.275568529500004751e-04
1.999489288500017460e-04
1.648682267500020020e-04
1.750820417000015401e-04
1.802009020000018330e-04
2.371126973000056758e-04
2.834442779500063190e-04
2.013965186500022396e-04
3.113840548500069680e-04
2.217278184500033676e-04
2.724783889670037772e-04
4.080890456500036768e-04
2.675533569000041975e-04
3.488605492670058920e-04
4.219545941500033861e-04
3.354376149000050530e-04
3.445029796000052282e-04
4.664581378339994209e-04
4.326857432670016927e-04
5.557571865179945564e-04
4.502248059840020778e-04
5.084379538839968937e-04
5.200378178679984729e-04
5.649320395999983882e-04
7.652107665669875131e-04
7.004385355339899340e-04
6.899190898009933482e-04
7.892981730339866794e-04
8.293632588349925637e-04
9.541217188179872783e-04
1.066442862733986592e-03
7.820447140009907866e-04
9.844775130349882851e-04
1.105335911017988519e-03
1.132271550485987538e-03
1.382603960134987618e-03
1.490319286967988150e-03
1.408961741618987816e-03
1.366879819634988667e-03
1.626639445001992973e-03
1.662851488669991103e-03
1.815536621102999950e-03
2.176195788753012682e-03
1.998296072504004203e-03
2.102019846837006878e-03
1.899664995919998507e-03
1.963480007120001723e-03
2.410231366353011388e-03
2.301164773403014015e-03
2.578379787051012905e-03
2.506108720536013613e-03
2.532683345168015680e-03
2.635558109138018586e-03
2.611417237454019980e-03
2.543708825719011388e-03
2.711282828136016548e-03
2.515315782987010904e-03
2.866653913170014688e-03
3.294890605837015075e-03
2.700894612753010782e-03
3.106597807636008422e-03
2.852106194770018775e-03
2.957960313904009920e-03
2.952043935769016209e-03
2.946174986369010096e-03
3.254709524486018579e-03
2.657128394720005300e-03
2.867204291621012861e-03
2.756216359387015508e-03
3.006440623336012561e-03
2.624259881519013914e-03
2.763552511968011237e-03
2.788387609302006229e-03
2.768854914786006774e-03
2.582926638985007847e-03
2.565591745937008221e-03
2.381230385336003796e-03
2.614931591751999858e-03
2.316305148901006382e-03
2.329165554118005181e-03
2.323524281651002856e-03
2.441522933170005901e-03
2.372793659767004262e-03
2.118420350101000906e-03
2.206993877886004318e-03
2.059505102634999994e-03
1.672088438134997643e-03
1.920694277034999025e-03
1.787565150585000056e-03
1.565047594883998147e-03
1.992802257234002443e-03
1.756278932800998342e-03
1.482850189101996832e-03
1.242992830734999509e-03
1.487514594467999459e-03
1.324970763500998502e-03
1.502950583117999492e-03
1.133254781367999155e-03
1.097262665600998036e-03
1.119793513233998923e-03
8.901753774339991963e-04
9.325784814339981238e-04
1.084903187317999779e-03
9.719340829839986148e-04
9.961573108670002293e-04
7.695993282840001785e-04
7.346262452339994992e-04
8.010690413000003769e-04
8.497051296169998288e-04
7.433948495849998766e-04
6.573709989669998359e-04
4.924153436670005183e-04
6.364505760999999463e-04
4.509685096670004397e-04
5.773916339340002526e-04
4.749374027999999888e-04
4.142106394670001649e-04
4.551152569000002646e-04
5.123741473670003410e-04
3.618706761000000716e-04
4.101783439340000157e-04
4.427607158169998003e-04
3.667727168670000784e-04
3.268999317000000440e-04
3.859600866669999904e-04
3.593004523000001933e-04
2.985686083340000139e-04
2.597251440670000130e-04
3.874193859669999634e-04
2.877420624669998995e-04
1.627487279999999313e-04
8.092985349999998841e-05
1.889572705669999438e-04
1.719965028669999646e-04
1.857189541999999382e-04
2.503045135000001378e-04
1.644576302339998764e-04
1.809224420999999737e-04
1.446607637999999872e-04
1.971872342999999824e-04
8.227433239999997286e-05
1.333477190999999738e-04
9.649000319999997716e-05
1.672845964999999404e-04
1.361583649999999169e-04
8.848911389999999954e-05
8.168699119999999760e-05
7.991355810000000349e-05
2.927797329999999747e-05
1.314572030999998972e-04
3.913979900000000490e-05
4.925027646699998003e-05
8.072618159999999732e-05
7.217381499999995706e-05
4.451053256700000701e-05
5.378172799999998341e-05
3.779056879999998880e-05
4.010999500000000018e-05
3.161891500000000422e-05
5.429880130000000693e-05
3.147773800000000250e-05
5.573624000000001814e-06
1.420312300000000086e-05
9.595877199999999348e-06
9.612811700000000194e-06
5.179853900000000222e-05
1.472814799999999843e-05
3.186789776699999440e-05
7.715473699999999963e-06
2.191992169999999865e-05
1.687728900000000517e-05
4.211137999999999999e-06
3.314640000000000675e-06
7.854734000000002578e-06
1.776472000000000133e-06
5.050580000000000694e-06
1.321557100000000168e-05
3.498959999999999615e-06
1.249312600000000186e-05
7.402968000000000066e-06
5.071445700000001296e-06
7.275374000000001233e-06
2.403423000000000570e-06
1.278032400000000093e-05
2.189103599999999943e-05
2.824475899999999545e-05
