3.343776360000057804e-05
3.411614890000070401e-05
3.885104895000076177e-05
3.768438005000074098e-05
4.728044460000127954e-05
3.854778150000092482e-05
4.534647035000122532e-05
3.946214505000090978e-05
4.079836330000100205e-05
4.752574330000144720e-05
4.234108835000108896e-05
4.698803170000119002e-05
4.955132385000161882e-05
5.804798320000027165e-05
5.448875435000079004e-05
4.694243916700130696e-05
5.124072935000105927e-05
5.674967425000042456e-05
6.099915220000039532e-05
5.923329980000026867e-05
6.416711456699969690e-05
6.223436334999978762e-05
6.771130599999918660e-05
6.940896169999895672e-05
6.535750256699918376e-05
7.286629533399908098e-05
8.031132283399804346e-05
8.132695393399874207e-05
1.129574356509998901e-04
8.631935816699837726e-05
1.015182199499987655e-04
1.051524501499993467e-04
1.403918947340030245e-04
1.094242109009998311e-04
1.740421695680029342e-04
1.415929496670020014e-04
1.887294196190029852e-04
1.659983732340047837e-04
2.065688306670070400e-04
2.334236560350048213e-04
1.988196222350057166e-04
3.336269194180052243e-04
3.394006280510060685e-04
2.397204119860046802e-04
3.413273653690045216e-04
3.698502157360050334e-04
3.517447132010054407e-04
3.612959692860061430e-04
6.278111330699913699e-04
5.223712680029945696e-04
5.311529702039921369e-04
7.436354572529836095e-04
6.323065265379925826e-04
5.796827246709961544e-04
8.355039725719844547e-04
9.644982159039834331e-04
1.127484984588986508e-03
9.650431713729816247e-04
1.143258138253983426e-03
1.058042020873987792e-03
1.127873893455986218e-03
1.354453786620988002e-03
1.211133645374986830e-03
1.519877970836989349e-03
1.332109244372989233e-03
1.591555464206987876e-03
1.553222576522991609e-03
1.873037301772001841e-03
1.604983209071993155e-03
1.827278408238003186e-03
1.870078031922001128e-03
1.987962206090010744e-03
2.060217257271010089e-03
1.970006797005998799e-03
2.154035765621006154e-03
2.202867625523012140e-03
2.562875079004009547e-03
2.325583538958014493e-03
2.321126888638012312e-03
2.273842049940006868e-03
2.262599307504010657e-03
2.147587515692010209e-03
2.309666958122008965e-03
2.232033758854002660e-03
2.220191716072010546e-03
2.296762923304010873e-03
2.674021481370011943e-03
2.266945690057009608e-03
2.489211226238009517e-03
2.471443982403008586e-03
2.010171277953003328e-03
2.144046299521003632e-03
2.343486067986007108e-03
2.197433715104003728e-03
2.090949322304007634e-03
2.287922826072004163e-03
2.248445850004000737e-03
1.896488860305000626e-03
1.941334180421005681e-03
1.720595906954003980e-03
1.971261657004004780e-03
2.018269279187001695e-03
2.022683153252002181e-03
2.024739669136003777e-03
1.721742325270003704e-03
1.738808948287001764e-03
1.689515987720001866e-03
1.561570243853002433e-03
1.509091969253000725e-03
1.477051964486000239e-03
1.580854399468000372e-03
1.352988636683999640e-03
1.357399590118999475e-03
1.303230369002999437e-03
1.324988729451000071e-03
1.257406206434999712e-03
1.064585512701998965e-03
1.001569070818999216e-03
1.231302432936000292e-03
1.129773634668000161e-03
7.646517002679986252e-04
1.100844831518000199e-03
9.780705866840007975e-04
7.966926159019993179e-04
8.647232111670001943e-04
8.269600531339991100e-04
6.859259335009995802e-04
6.093312081009994970e-04
6.863714237009993805e-04
5.952812721009997400e-04
4.003204378339997576e-04
5.062988036509993416e-04
4.034304155339999819e-04
3.955516045519999403e-04
6.437860575670000278e-04
4.450752904669999163e-04
4.179542653669996994e-04
4.587920898339996356e-04
3.583433271510000372e-04
4.004739370339998575e-04
3.389460331669999255e-04
3.390005799509999843e-04
3.510385992009998758e-04
2.884450655670001465e-04
2.792063663999999634e-04
2.176794426000000808e-04
2.456729753670000051e-04
2.717279531010000147e-04
2.086236299500000802e-04
1.833305257999999971e-04
2.532220030000000921e-04
1.982024503670000654e-04
1.871401610169999726e-04
1.846967308169999967e-04
1.397268102669999902e-04
1.713929170669999504e-04
1.267987340670000444e-04
1.309038030999999983e-04
8.089835566700001243e-05
1.244000551000000172e-04
1.864997872000000276e-04
1.361722233999999930e-04
5.522758730000000560e-05
6.936672420000001692e-05
9.572803466699999944e-05
1.164552701669999867e-04
9.353622510000000748e-05
2.970101829999999301e-05
6.621652230000000714e-05
8.132971620000001550e-05
4.471694939999999919e-05
4.855680409999999820e-05
4.448151809999999163e-05
5.120205099999999479e-05
2.564626909999999547e-05
2.188798699999999891e-05
5.891205419999999865e-05
7.483494100000001646e-05
4.700734309999999552e-05
2.683164551699999549e-05
1.776766720000000230e-05
1.897179419999999695e-05
7.892848099999999625e-06
5.005982499999999297e-05
4.510604199999999629e-06
1.334702000000000083e-05
3.469381000000000385e-05
4.855821000000000108e-06
3.573458000000000287e-06
7.475646000000000050e-06
7.589280467000000735e-06
7.501299999999999811e-08
2.730598000000000110e-06
2.881609999999999821e-07
4.020618999999999562e-06
2.002466099999999733e-06
3.324509999999999956e-06
5.030288000000000448e-06
1.548380999999999920e-07
1.569206100000000048e-06
