5.276200000000000407e-06
5.276200000000000407e-06
5.276200000000000407e-06
5.276200000000000407e-06
5.276200000000000407e-06
5.276200000000000407e-06
5.276200000000000407e-06
5.276200000000000407e-06
5.276200000000000407e-06
5.276200000000000407e-06
5.276200000000000407e-06
5.276200000000000407e-06
5.276200000000000407e-06
5.276200000000000407e-06
5.276200000000000407e-06
5.276200000000000407e-06
5.276200000000000407e-06
5.276200000000000407e-06
5.276200000000000407e-06
5.276200000000000407e-06
5.276200000000000407e-06
5.276200000000000407e-06
5.276200000000000407e-06
5.276200000000000407e-06
5.276200000000000407e-06
5.276200000000000407e-06
5.276200000000000407e-06
5.276200000000000407e-06
5.276200000000000407e-06
5.276200000000000407e-06
5.276200000000000407e-06
5.276200000000000407e-06
5.276200000000000407e-06
5.276200000000000407e-06
6.337800000000000204e-05
5.276200000000000407e-06
5.276200000000000407e-06
0.000000000000000000e+00
5.276200000000000407e-06
0.000000000000000000e+00
5.276200000000000407e-06
0.000000000000000000e+00
5.276200000000000407e-06
5.276200000000000407e-06
1.166879999999999914e-04
5.276200000000000407e-06
5.276200000000000407e-06
5.276200000000000407e-06
0.000000000000000000e+00
5.276200000000000407e-06
0.000000000000000000e+00
5.276200000000000407e-06
6.337800000000000204e-05
1.166879999999999914e-04
0.000000000000000000e+00
5.276200000000000407e-06
0.000000000000000000e+00
3.267799999999999850e-04
5.276200000000000407e-06
5.276200000000000407e-06
5.276200000000000407e-06
5.276200000000000407e-06
5.276200000000000407e-06
0.000000000000000000e+00
0.000000000000000000e+00
5.276200000000000407e-06
5.276200000000000407e-06
5.276200000000000407e-06
0.000000000000000000e+00
0.000000000000000000e+00
0.000000000000000000e+00
5.276200000000000407e-06
2.300799999999999926e-04
6.337800000000000204e-05
0.000000000000000000e+00
0.000000000000000000e+00
5.276200000000000407e-06
0.000000000000000000e+00
0.000000000000000000e+00
0.000000000000000000e+00
5.276200000000000407e-06
5.276200000000000407e-06
1.166879999999999914e-04
0.000000000000000000e+00
0.000000000000000000e+00
6.337800000000000204e-05
0.000000000000000000e+00
0.000000000000000000e+00
0.000000000000000000e+00
6.370200000000000775e-04
3.885000000000000432e-03
5.276200000000000407e-06
0.000000000000000000e+00
0.000000000000000000e+00
0.000000000000000000e+00
1.094399999999999887e-02
5.276200000000000407e-06
3.267799999999999850e-04
0.000000000000000000e+00
0.000000000000000000e+00
0.000000000000000000e+00
0.000000000000000000e+00
0.000000000000000000e+00
0.000000000000000000e+00
5.276200000000000407e-06
0.000000000000000000e+00
5.276200000000000407e-06
0.000000000000000000e+00
0.000000000000000000e+00
0.000000000000000000e+00
0.000000000000000000e+00
0.000000000000000000e+00
0.000000000000000000e+00
0.000000000000000000e+00
0.000000000000000000e+00
0.000000000000000000e+00
0.000000000000000000e+00
0.000000000000000000e+00
0.000000000000000000e+00
0.000000000000000000e+00
0.000000000000000000e+00
0.000000000000000000e+00
0.000000000000000000e+00
0.000000000000000000e+00
0.000000000000000000e+00
0.000000000000000000e+00
0.000000000000000000e+00
0.000000000000000000e+00
0.000000000000000000e+00
0.000000000000000000e+00
0.000000000000000000e+00
0.000000000000000000e+00
0.000000000000000000e+00
0.000000000000000000e+00
0.000000000000000000e+00
0.000000000000000000e+00
0.000000000000000000e+00
0.000000000000000000e+00
0.000000000000000000e+00
0.000000000000000000e+00
0.000000000000000000e+00
0.000000000000000000e+00
0.000000000000000000e+00
0.000000000000000000e+00
0.000000000000000000e+00
0.000000000000000000e+00
0.000000000000000000e+00
0.000000000000000000e+00
0.000000000000000000e+00
0.000000000000000000e+00
0.000000000000000000e+00
0.000000000000000000e+00
0.000000000000000000e+00
0.000000000000000000e+00
0.000000000000000000e+00
0.000000000000000000e+00
0.000000000000000000e+00
0.000000000000000000e+00
0.000000000000000000e+00
0.000000000000000000e+00
0.000000000000000000e+00
0.000000000000000000e+00
0.000000000000000000e+00
0.000000000000000000e+00
0.000000000000000000e+00
0.000000000000000000e+00
0.000000000000000000e+00
0.000000000000000000e+00
0.000000000000000000e+00
0.000000000000000000e+00
0.000000000000000000e+00
0.000000000000000000e+00
0.000000000000000000e+00
0.000000000000000000e+00
0.000000000000000000e+00
0.000000000000000000e+00
0.000000000000000000e+00
0.000000000000000000e+00
0.000000000000000000e+00
0.000000000000000000e+00
0.000000000000000000e+00
0.000000000000000000e+00
0.000000000000000000e+00
0.000000000000000000e+00
0.000000000000000000e+00
0.000000000000000000e+00
0.000000000000000000e+00
0.000000000000000000e+00
0.000000000000000000e+00
0.000000000000000000e+00
0.000000000000000000e+00
0.000000000000000000e+00
0.000000000000000000e+00
0.000000000000000000e+00
0.000000000000000000e+00
0.000000000000000000e+00
0.000000000000000000e+00
0.000000000000000000e+00
0.000000000000000000e+00
0.000000000000000000e+00
