0.000000000000000000e+00
8.572000000000000192e-04
0.000000000000000000e+00
0.000000000000000000e+00
0.000000000000000000e+00
0.000000000000000000e+00
0.000000000000000000e+00
0.000000000000000000e+00
0.000000000000000000e+00
0.000000000000000000e+00
0.000000000000000000e+00
0.000000000000000000e+00
0.000000000000000000e+00
0.000000000000000000e+00
0.000000000000000000e+00
0.000000000000000000e+00
8.572000000000000192e-04
0.000000000000000000e+00
3.033940000000000595e-02
0.000000000000000000e+00
0.000000000000000000e+00
0.000000000000000000e+00
8.572000000000000192e-04
0.000000000000000000e+00
0.000000000000000000e+00
2.804600000000000083e-04
0.000000000000000000e+00
2.803900000000000229e-03
0.000000000000000000e+00
0.000000000000000000e+00
8.572000000000000192e-04
4.623859999999999602e-03
1.830540000000000129e-04
0.000000000000000000e+00
0.000000000000000000e+00
8.572000000000000192e-04
0.000000000000000000e+00
1.830540000000000129e-04
8.572000000000000192e-04
0.000000000000000000e+00
2.385920000000000087e-04
2.311600000000000113e-02
0.000000000000000000e+00
0.000000000000000000e+00
0.000000000000000000e+00
8.959840000000000859e-02
2.980799999999999921e-04
6.082400000000000306e-02
0.000000000000000000e+00
0.000000000000000000e+00
2.804600000000000083e-04
4.343399999999999865e-03
6.082400000000000306e-02
1.674080000000000099e-03
0.000000000000000000e+00
1.946700000000000210e-03
1.420674000000000025e-03
1.500259999999999897e-04
1.116479999999999990e-03
1.946700000000000210e-03
8.645599999999999813e-03
3.191999999999999699e-02
1.674080000000000099e-03
0.000000000000000000e+00
2.980799999999999921e-04
0.000000000000000000e+00
0.000000000000000000e+00
2.311600000000000113e-02
0.000000000000000000e+00
0.000000000000000000e+00
2.134799999999999892e-02
2.599600000000000175e-02
5.988799999999999679e-02
2.804600000000000083e-04
5.099740000000000176e-03
6.018607999999999597e-02
5.243807999999999803e-02
2.377226000000000079e-03
6.390400000000000247e-02
0.000000000000000000e+00
0.000000000000000000e+00
0.000000000000000000e+00
2.980799999999999921e-04
0.000000000000000000e+00
8.856600000000000551e-05
0.000000000000000000e+00
0.000000000000000000e+00
0.000000000000000000e+00
0.000000000000000000e+00
0.000000000000000000e+00
0.000000000000000000e+00
0.000000000000000000e+00
0.000000000000000000e+00
2.592800000000000248e-04
0.000000000000000000e+00
0.000000000000000000e+00
0.000000000000000000e+00
0.000000000000000000e+00
0.000000000000000000e+00
2.592800000000000248e-04
0.000000000000000000e+00
1.090399999999999996e-04
0.000000000000000000e+00
1.090399999999999996e-04
0.000000000000000000e+00
0.000000000000000000e+00
4.343399999999999865e-03
0.000000000000000000e+00
1.946700000000000210e-03
0.000000000000000000e+00
0.000000000000000000e+00
2.592800000000000248e-04
0.000000000000000000e+00
0.000000000000000000e+00
0.000000000000000000e+00
0.000000000000000000e+00
0.000000000000000000e+00
0.000000000000000000e+00
0.000000000000000000e+00
0.000000000000000000e+00
0.000000000000000000e+00
0.000000000000000000e+00
0.000000000000000000e+00
0.000000000000000000e+00
1.500259999999999897e-04
1.090399999999999996e-04
0.000000000000000000e+00
0.000000000000000000e+00
0.000000000000000000e+00
0.000000000000000000e+00
0.000000000000000000e+00
1.500259999999999897e-04
0.000000000000000000e+00
3.683199999999999972e-04
2.311600000000000113e-02
0.000000000000000000e+00
0.000000000000000000e+00
0.000000000000000000e+00
0.000000000000000000e+00
0.000000000000000000e+00
0.000000000000000000e+00
0.000000000000000000e+00
0.000000000000000000e+00
0.000000000000000000e+00
0.000000000000000000e+00
0.000000000000000000e+00
0.000000000000000000e+00
0.000000000000000000e+00
0.000000000000000000e+00
0.000000000000000000e+00
0.000000000000000000e+00
0.000000000000000000e+00
0.000000000000000000e+00
0.000000000000000000e+00
0.000000000000000000e+00
0.000000000000000000e+00
0.000000000000000000e+00
0.000000000000000000e+00
0.000000000000000000e+00
0.000000000000000000e+00
0.000000000000000000e+00
0.000000000000000000e+00
0.000000000000000000e+00
0.000000000000000000e+00
0.000000000000000000e+00
0.000000000000000000e+00
0.000000000000000000e+00
0.000000000000000000e+00
0.000000000000000000e+00
0.000000000000000000e+00
0.000000000000000000e+00
0.000000000000000000e+00
0.000000000000000000e+00
1.500259999999999897e-04
0.000000000000000000e+00
0.000000000000000000e+00
0.000000000000000000e+00
0.000000000000000000e+00
0.000000000000000000e+00
0.000000000000000000e+00
0.000000000000000000e+00
0.000000000000000000e+00
0.000000000000000000e+00
0.000000000000000000e+00
0.000000000000000000e+00
0.000000000000000000e+00
0.000000000000000000e+00
0.000000000000000000e+00
0.000000000000000000e+00
0.000000000000000000e+00
0.000000000000000000e+00
0.000000000000000000e+00
0.000000000000000000e+00
0.000000000000000000e+00
0.000000000000000000e+00
0.000000000000000000e+00
0.000000000000000000e+00
0.000000000000000000e+00
0.000000000000000000e+00
0.000000000000000000e+00
