2.257511879069134419e+00
1.951260555678181685e+00
1.504592780653565054e+00
1.195985157148563793e+00
1.340846939696929585e+00
9.443768303726580715e-01
1.309530482125276896e+00
9.812660888061599529e-01
1.149750317483874129e+00
1.012114688301191778e+00
1.122936958010866570e+00
8.558357817340518370e-01
9.037067409237864446e-01
7.618678667111383751e-01
6.362518104753736026e-01
6.428775815231617674e-01
8.253869903937703922e-01
6.346431577935107704e-01
6.348774324693251536e-01
6.523983746617949553e-01
3.894492314825811485e-01
4.674988410278782536e-01
3.797579598103930643e-01
4.047595212660853869e-01
4.328079160462316444e-01
3.701550530770450487e-01
3.546195756368901164e-01
3.215985007597191858e-01
4.230238323610793771e-01
2.951815936793937833e-01
3.345312125144008775e-01
2.994455916344486712e-01
2.164294082123471574e-01
2.705937656029222538e-01
2.076161901159441214e-01
1.717623793799903931e-01
2.374854054840591366e-01
2.088883046050170611e-01
1.651287372838922407e-01
1.825840260629562617e-01
1.438863458006629792e-01
1.394165275737034304e-01
1.377175704960172664e-01
1.340408540187751629e-01
1.234471559429940885e-01
1.216631331748830869e-01
1.103000571268148849e-01
1.076109365177564253e-01
1.038901000965742755e-01
9.031007951043394655e-02
9.096356033680412512e-02
8.000022190029791591e-02
7.911319626600864241e-02
6.653785992885394296e-02
6.994730468306818716e-02
6.870777632285821057e-02
5.955398913672007438e-02
6.064056153059336346e-02
5.638946345156913703e-02
5.267367108089170830e-02
5.690476697203918771e-02
5.858177644512273241e-02
4.629091679793109065e-02
5.801228522669642229e-02
5.073359693674863585e-02
4.402111790636530075e-02
4.850351069032679541e-02
4.354831977829366069e-02
4.031037468755843678e-02
5.243008511773148556e-02
4.609538249213726568e-02
4.412500998772254934e-02
4.345035115498264988e-02
4.531388729567428081e-02
4.333588653190769552e-02
4.217042892726463599e-02
4.261119185374324242e-02
4.654030253110227194e-02
4.157261865728044403e-02
3.572396423254486225e-02
4.293491848112804266e-02
4.286428162323988045e-02
4.107520046680910447e-02
4.363632942914701801e-02
4.593443742948898761e-02
4.361073228209692149e-02
5.333257294824802347e-02
4.725779036936862687e-02
4.961766767274566198e-02
4.636562216630597116e-02
4.820897739616288036e-02
4.552684140295307214e-02
5.034339835037230509e-02
4.889915215834274992e-02
5.446490664521753955e-02
5.837984177850942535e-02
6.245347014657042645e-02
6.054127685543823911e-02
6.152324440122931143e-02
6.776619662049494786e-02
6.391166700101799658e-02
6.876924228368369585e-02
7.475027594866311131e-02
7.299715040402608712e-02
6.831221172957940846e-02
7.817081129380668014e-02
8.045657873836312146e-02
9.028097145771517285e-02
7.303133483631017719e-02
8.842836918828891890e-02
8.916787045098607811e-02
1.094254739693052841e-01
8.983057048182620241e-02
1.121773830502535846e-01
1.026915273479201696e-01
1.511927051541887834e-01
1.433543565034481881e-01
1.444157011161364135e-01
1.336411720756563448e-01
1.513059281015305957e-01
1.734299767203013598e-01
1.535415111179874170e-01
1.809451789034387248e-01
1.569358112740316946e-01
2.042565066121652395e-01
1.663456919387568400e-01
1.858643332084642386e-01
1.962118994530508698e-01
2.698418426722620223e-01
2.313938573541657051e-01
2.544647469294860076e-01
2.809230485170735592e-01
2.682869274041107532e-01
3.174894739204790484e-01
3.614916365827804401e-01
2.280547141168716707e-01
3.328246491964454989e-01
3.888612956978166890e-01
5.886378960928191351e-01
4.734276877251451521e-01
4.593841525103360413e-01
4.814224587510124165e-01
4.708270548010159984e-01
9.675904863555957469e-01
5.997163506237833674e-01
5.177069434968942785e-01
6.538413895335906112e-01
5.192454497848456585e-01
8.911530197306448686e-01
7.304670234900622061e-01
1.125534878159021535e+00
6.962553521928227518e-01
8.677807023556237676e-01
1.220530153995163625e+00
9.211166597725288785e-01
1.142385742226885492e+00
9.644513397589765669e-01
9.765695093384147984e-01
2.491087935750080362e+00
1.264022924404481829e+00
1.289371035104864838e+00
3.044897364339455681e+00
1.597467181781929257e+00
2.310721675895578198e+00
3.109054173867608295e+00
1.703919364694664873e+00
2.197733730693307130e+00
1.666451241067980815e+00
2.827333735855541264e+00
1.534548492300895406e+00
3.068966295636615715e+00
6.382039979094754401e+00
3.562332959043183145e+00
4.282288202122431109e+00
4.106444772886496786e+00
4.405576987705909886e+00
1.981349459231141807e+01
1.116028052400433879e+01
7.553310628341836086e+00
2.442225070201665460e+00
3.420675516965284046e+00
1.493224158648465760e+01
1.313295994023028612e+01
5.015067626897424802e+00
3.623485020362249287e+01
2.463074380924458140e+01
3.268040005322592378e+01
5.606762564320246334e+00
2.763506983093302694e+01
6.643887568566080404e+01
3.992845118439198870e+00
5.915826866325459399e+00
4.830243143440800679e+01
4.914745489270249834e+01
7.912498426597919909e+00
2.435080189853736599e+01
5.625782373724473651e+00
1.208786505143340975e+02
5.837923384926295967e+01
2.840936332449022572e+01
