1.997235787347385327e-01
5.073455822323620357e-01
4.886288389345059269e-01
4.065469781140630401e-01
1.824094561710435103e-01
3.803974797236526761e-01
2.858301882315140707e-01
2.266484713101756254e-01
1.922594474476579940e-01
3.303868167733220451e-01
2.452343752772324637e-01
2.652568900374389083e-01
1.636492335612726168e-01
3.309069911383046292e-01
2.567468160161503477e-01
1.294298727045985198e-01
1.282268321488344576e-01
9.758801195581344456e-02
1.233573434028336635e-01
7.703712126536900462e-02
8.913074921714060628e-02
1.074596982441715781e-01
7.044437836791511698e-02
8.354927411388093916e-02
9.242071354027560359e-02
8.215131947176182448e-02
5.442444452665309851e-02
5.798408888786261983e-02
6.839382161930118720e-02
4.331751574371194013e-02
5.339952680209758551e-02
4.876310660163795524e-02
2.049577722686761472e-02
3.662472530568320478e-02
4.354906818099098936e-02
4.146848370185882843e-02
2.949061188208720874e-02
2.497561743081848015e-02
2.468221689490935830e-02
3.907211120831168699e-02
2.469267152875299562e-02
2.382264941112752915e-02
3.205938146094879093e-02
4.585704200686232385e-02
2.683797916751533980e-02
2.710222395862098635e-02
1.835489762029732935e-02
2.613107917803102198e-02
1.945611487181194213e-02
1.518051667497126618e-02
1.248046393686149530e-02
1.802804748593468329e-02
2.935303571547517171e-02
1.538619109863877295e-02
1.322795575976435517e-02
1.306262758158530275e-02
1.249556097531100488e-02
1.989529924479706974e-02
1.497028487765079269e-02
1.260722983616781138e-02
1.466307538600573716e-02
1.080073457620772497e-02
1.287701992975976741e-02
1.937737299737745875e-02
9.434132455793468527e-03
1.805079461948416036e-02
1.303467898104528414e-02
1.184695145733334620e-02
1.044318147245335872e-02
1.047469846979594797e-02
1.040624364923444477e-02
1.026481418359006387e-02
1.035766476877064690e-02
1.742785230101535909e-02
1.439336253949298657e-02
1.373257374635915122e-02
8.881495280795164565e-03
8.384118806609990038e-03
1.439077818360776952e-02
1.214141537545871362e-02
1.692678176355392680e-02
1.339034171894611623e-02
1.238364128687063394e-02
1.284025480588247940e-02
1.279679281829466594e-02
1.113183961828756105e-02
1.650676960322060988e-02
1.741289564392875869e-02
1.403045156160485397e-02
1.374507421742816177e-02
1.235376523563037551e-02
1.293176699705623350e-02
1.518469611563629668e-02
2.455066627040868033e-02
1.491504720310168203e-02
2.187567926630988938e-02
1.906548823667744696e-02
1.430187044158734433e-02
2.050229092499296704e-02
2.002063574631599008e-02
1.531818747509617294e-02
2.340231100161993538e-02
1.789428269015761255e-02
2.423715205590214888e-02
1.990156594779177515e-02
3.126158528649832652e-02
2.525846042740315794e-02
1.752675561863518278e-02
2.119971818411019518e-02
2.584594908703430685e-02
1.868423184175161539e-02
2.508399296484146654e-02
2.073769274494579803e-02
5.624872439272386032e-02
7.297080355042440125e-02
4.570542709432694195e-02
3.848771099139668833e-02
3.908770406326532443e-02
4.025254542890135956e-02
5.492350928155919493e-02
8.173628266326052327e-02
3.960528305798206861e-02
3.301834963100964276e-02
4.341845574278581366e-02
5.905328592465666077e-02
4.766688275154804671e-02
3.908252364670506546e-02
9.250809527911582619e-02
4.658630285190827613e-02
1.064261804468720207e-01
7.156088473585751897e-02
6.278368347309991326e-02
5.035426988119226510e-02
1.180110343213568030e-01
9.034625161462275789e-02
7.124011188128441530e-02
7.739230518764295130e-02
1.473393710791041644e-01
1.566689437196210344e-01
1.002353044526204662e-01
6.177361007154617834e-02
1.007437867803905596e-01
2.214518079513914661e-01
7.755807644308371218e-02
1.920660686791240968e-01
1.432494770331734224e-01
8.550959200210588029e-02
1.785710347630859729e-01
1.461091655495960484e-01
2.359892756669349501e-01
1.834331948061315443e-01
2.992385541303513308e-01
2.391637690209489631e-01
9.373954935041994840e-01
7.216713527299273290e-01
1.407905823275460988e-01
3.355031143087792156e-01
1.999312699514332603e-01
1.710969847693003254e-01
1.256810495029481722e-01
2.439458195534628115e-01
9.587119821539542563e-01
7.154598181943851998e-01
5.377440110690138164e-01
8.683076232542300543e-01
1.063259367224366203e+00
1.913652339978467287e+00
2.398245560907640073e+00
3.025688390931473570e+00
4.596142861036047300e+00
2.687522607082476478e-01
1.453197513811898656e+00
1.425689136297966675e+00
1.714695810547198995e+00
3.459744010653964974e+00
1.560686493713162593e+00
7.092061547854199288e-01
6.268957218740338178e+00
5.471543710631327606e+00
2.860916575406475815e-01
4.585055205812109236e+00
3.691899249640438363e+00
3.692348607998547472e+00
2.275307331628172669e+00
5.112659095921329389e+00
6.098194995461831525e+00
2.689478273917581763e+00
2.742948603131935226e+00
5.201124365736450983e+00
6.980724851677494236e+00
1.689808443676694694e+01
4.274748174574933834e+00
5.457445780635691968e+00
6.429638942884630559e+00
2.181056399532088907e-01
2.258807528326057934e+01
4.866062752710281103e+00
1.085578257863261911e+02
1.877177801418531899e+01
4.166132103636484452e+00
