2.958222287999917577e-04
3.507666639999885332e-04
3.535555127999884793e-04
3.583694855999859869e-04
4.388892622999804880e-04
3.446608798999855521e-04
4.078438735999866398e-04
5.113350233999816282e-04
4.850865958999864432e-04
6.471071558999876450e-04
6.570566091999846666e-04
7.163466581999829901e-04
8.543168550999895522e-04
7.515493097999858055e-04
9.221129421999987906e-04
9.078121207000078513e-04
1.108233165300025322e-03
1.328396888300047152e-03
1.450632744200045215e-03
1.700020631700051212e-03
1.618606576400049516e-03
2.033601830300040426e-03
2.363912756500030285e-03
2.885023189700026101e-03
2.779667745400031184e-03
3.376177724300025943e-03
3.525319368300052630e-03
3.977057659600066394e-03
4.826963696700082261e-03
5.239152487900086176e-03
5.024611541400095770e-03
6.659707736900092982e-03
6.929317638000074588e-03
7.200405657000061126e-03
8.452132760500025155e-03
8.536931792399974836e-03
9.861650658299938449e-03
1.058487646649994285e-02
1.122888166969992357e-02
1.229955629149988641e-02
1.244578771939989191e-02
1.402193841249990171e-02
1.698672572569977224e-02
1.684701335119985835e-02
1.952146832879980004e-02
2.096629737389979486e-02
2.159269237019979457e-02
2.265858746239982069e-02
2.364207598579983610e-02
2.594944214309982677e-02
2.693424018289978725e-02
2.976137177219990645e-02
2.924832222709982180e-02
3.029369786119988361e-02
3.388529703569998636e-02
3.476239527919999794e-02
3.536042212970004484e-02
3.680695018260004420e-02
3.876411349590004607e-02
3.980476547430022299e-02
4.099577747150021101e-02
4.339962094640029133e-02
4.375931507200046117e-02
4.530661415550014254e-02
4.394042175110036280e-02
4.565741123130021006e-02
4.796075300440045402e-02
4.674321320530033796e-02
4.857744000210040269e-02
4.970837439450035561e-02
5.072618733400015290e-02
5.022156171030034422e-02
5.305646976720033992e-02
5.089548079150051779e-02
4.994289849920029861e-02
4.958465823790026566e-02
5.282768506510022999e-02
4.999641556530030201e-02
5.041148842280024356e-02
4.905543273390038789e-02
5.031274787470047666e-02
4.870601939710039741e-02
4.900414806680032653e-02
4.706592854410032722e-02
4.610613185560035604e-02
4.596338662560024713e-02
4.437282043810040350e-02
4.491587278100042657e-02
4.301952308820031906e-02
4.151425552030025418e-02
3.982319339180011991e-02
4.043500264980023212e-02
3.850485988980012486e-02
3.807596828010022944e-02
3.745747335870003997e-02
3.582877430370023930e-02
3.414263874800011617e-02
3.407680603820020110e-02
3.370220682620013453e-02
3.118368623799995173e-02
2.914078599910001691e-02
3.112665569330000728e-02
2.762573103409990752e-02
2.833914168739992342e-02
2.663244668599983739e-02
2.364472433739987431e-02
2.564148073079980383e-02
2.238211585789983901e-02
2.348795761969985421e-02
2.121694647219978663e-02
1.976848533029981758e-02
1.994043498859986163e-02
1.911209810479989890e-02
1.764780516559989743e-02
1.726093256409987065e-02
1.600343768829984303e-02
1.463323475039992987e-02
1.533667716469988736e-02
1.426555087359988698e-02
1.307837489649993704e-02
1.194842220329991357e-02
1.140851864259993451e-02
1.154766081509994539e-02
1.132398211639990861e-02
1.047925618979993374e-02
1.005296217019994824e-02
8.873977456099951117e-03
8.156582022699910423e-03
8.051356646299967501e-03
7.269746759499969534e-03
7.130736745899965423e-03
7.754122604399949804e-03
6.403529090099981114e-03
6.458784906399957226e-03
5.910395521399983663e-03
5.605770510899978076e-03
5.113609365199982097e-03
4.872618525099986497e-03
4.402632893699994290e-03
4.347410628499994573e-03
3.561977882100002442e-03
3.501909286099999692e-03
3.359260916700006899e-03
4.137549026199995213e-03
3.131149122100001722e-03
2.849444409900007621e-03
2.513758256100001934e-03
2.475955242099999506e-03
2.362209253900005718e-03
2.469618061600001389e-03
2.381210686400002732e-03
1.648207893899999435e-03
1.963655620700003029e-03
1.404501895099999386e-03
1.869826073099999141e-03
2.083410065600002376e-03
1.907901924599997951e-03
1.648762986899998586e-03
1.466603151300000006e-03
1.419436107400001050e-03
9.862674652000005728e-04
1.183903295800000635e-03
1.181722818899999961e-03
9.198213293000001654e-04
8.066008705000010572e-04
8.026530435000005454e-04
7.436361006000000032e-04
6.769985792999999499e-04
8.318707858000003348e-04
8.611331184999992385e-04
4.182045095999993340e-04
3.375532046999999911e-04
6.305125323000001494e-04
5.865282251000009280e-04
4.992121114000001901e-04
3.378230089999999719e-04
5.183806163999998698e-04
4.580520612000001709e-04
2.547816124999998147e-04
2.876027442999999715e-04
2.716233706999996930e-04
3.120375873000001709e-04
3.174644455999997106e-04
4.219768225999998490e-04
2.631938513000000018e-04
2.637465146000000146e-04
2.154736047999999190e-04
2.643603438999999450e-04
8.809642930000009472e-05
1.963793944999999395e-04
2.127593383000000202e-04
1.639051667000001006e-04
2.222200005999999998e-04
4.696714349999998845e-05
7.570020379999997130e-05
1.859132666000000314e-04
5.124913210000005026e-05
1.069580339999999470e-04
1.158393821000000236e-04
1.583404327000000761e-04
