3.135886828999914994e-04
3.714463827999908100e-04
4.594989964999931695e-04
3.668768980999946843e-04
5.596734163999908833e-04
4.657335679999901625e-04
6.269092969999941894e-04
6.861757938999925354e-04
7.109874635999965551e-04
8.111954259999961444e-04
8.368855414999971801e-04
1.069892664800004781e-03
1.069246917900013201e-03
1.181023377900017280e-03
1.349922308100020467e-03
1.432601852100020461e-03
1.371155189100017532e-03
1.826293381700015012e-03
2.178963876299992546e-03
2.014865240400004389e-03
2.497273325899983590e-03
2.634785827499977126e-03
3.299431160499974227e-03
2.919630270899973342e-03
4.112320081100002619e-03
4.373694669400012870e-03
5.289025106500040707e-03
5.418002416100047534e-03
6.084782284700050378e-03
7.156525624700036010e-03
7.602755721200023416e-03
7.706461637900019652e-03
8.943241883799949235e-03
9.213461949199974743e-03
1.019798636379992511e-02
1.148878918479991768e-02
1.260027194889991146e-02
1.291186826209991291e-02
1.535298517609992412e-02
1.616353214839989089e-02
1.602608100439992245e-02
1.763566783509987884e-02
1.901321313449988795e-02
2.134067386349984552e-02
2.078629711849996203e-02
2.224828285879988654e-02
2.266361295399992037e-02
2.419962748289987767e-02
2.682687469939978517e-02
2.775424408689983538e-02
3.033636627009986958e-02
3.092552752209989930e-02
3.330458562669981470e-02
3.422846152590006130e-02
3.476025309559982457e-02
3.654917680310001971e-02
3.772260855849986910e-02
3.904676359060008789e-02
4.022347858710000751e-02
4.050855055780017144e-02
4.216869236620006400e-02
4.406604705310013248e-02
4.515221905660000978e-02
4.606504598360003366e-02
4.525458604570011673e-02
4.412021838490012143e-02
4.731760444250007053e-02
4.699350981910000585e-02
5.083225033160018030e-02
4.832332735400017565e-02
4.889074092150008655e-02
4.793966573330013525e-02
5.056266014230023642e-02
4.998487176220023365e-02
4.892564562190011151e-02
5.012166286790025599e-02
4.979066595390013727e-02
4.762069570440027183e-02
4.690188286610020435e-02
4.651974937370022267e-02
4.837057415350030226e-02
4.641657080540024377e-02
4.528187784730029752e-02
4.305173174510036616e-02
4.379261308160031091e-02
4.451966552940030825e-02
3.971198235870018051e-02
4.054528181710013307e-02
4.045734161260022138e-02
3.979108994320006837e-02
3.849676381340011444e-02
3.765705647680009371e-02
3.643609681210022155e-02
3.521959981580012611e-02
3.362782841880014584e-02
3.237281343970001973e-02
3.242969320030003599e-02
2.967197285919993821e-02
2.885370554849996452e-02
2.815958486179989673e-02
2.686716677629986949e-02
2.631611997829987754e-02
2.551880700099987132e-02
2.639715625299991764e-02
2.407677337799982858e-02
2.253467374489991765e-02
2.006389021769990760e-02
2.135960383449984901e-02
1.969490924699988585e-02
1.912855997399989447e-02
1.788351749749986924e-02
1.651839805979988390e-02
1.711285437639989068e-02
1.523266249649993589e-02
1.504680779189989520e-02
1.369066399269988285e-02
1.360718725279992831e-02
1.205023944189992542e-02
1.273705791959990966e-02
1.113305605189991374e-02
1.056525064039991538e-02
9.628098804799938362e-03
9.126486843299934718e-03
1.056859537299992963e-02
8.230285307499965106e-03
7.746570742199955506e-03
7.393781585399964926e-03
7.760234121399960799e-03
6.742186612999983945e-03
6.492229279899975995e-03
6.539996796099993397e-03
5.786157334399977432e-03
4.981303372199991607e-03
5.260125595199987431e-03
5.086281198499989671e-03
4.974285339099988705e-03
4.353334538199994490e-03
3.931706513800000032e-03
3.746207631399999221e-03
4.018808377699999330e-03
3.268117953600005888e-03
3.308009059700005999e-03
2.834064194500001896e-03
2.610682517000002291e-03
3.099472315900000854e-03
2.672580447500000518e-03
2.560652302800000852e-03
2.015752695600001639e-03
2.392008763200001616e-03
1.982073941499999051e-03
1.919076106299999213e-03
1.608503856199998763e-03
1.605199167200000018e-03
1.311489306999998440e-03
1.411574727300000248e-03
1.446026090100001457e-03
9.669157083000012734e-04
1.246528761500000212e-03
1.160359668499999844e-03
1.005574873799998901e-03
8.601772130999998326e-04
8.215791157000009197e-04
6.676100101000001681e-04
8.636662611000003658e-04
6.246626718000005069e-04
9.823384556999997883e-04
8.357106892000000552e-04
8.535068395999998456e-04
5.386215927000001687e-04
3.150246689000002877e-04
5.544006455000001629e-04
3.586790715999997863e-04
3.134473374000000924e-04
3.770122187999997939e-04
5.076202570000002421e-04
2.766439859000003926e-04
4.961746502999998809e-04
3.796059807999997379e-04
2.725112081999999042e-04
3.272956619999999733e-04
3.496357977000000717e-04
3.021177432999997510e-04
2.124384392000002765e-04
1.526909112000000325e-04
2.095391330999999758e-04
1.840689629000000097e-04
1.943119715000000925e-04
2.504375236000001099e-04
1.051419614000000444e-04
1.536052558999999925e-04
2.382499818000001609e-04
9.687540150000004569e-05
1.154079461000000482e-04
6.335522430000003384e-05
7.409771720000001027e-05
1.529676460000000692e-05
3.668907130000003010e-05
5.677057680000002922e-05
8.731602570000000525e-05
1.973830182000001047e-04
