1.508293481227302557e+00
1.508293481227302557e+00
1.508293481227302557e+00
1.508293481227302557e+00
1.508293481227302557e+00
1.508293481227302557e+00
1.508293481227302557e+00
1.508293481227302557e+00
1.508293481227302557e+00
1.508293481227302557e+00
9.995743170940163402e-01
6.613313906569374678e-01
1.444434039502196176e+00
9.885053747950507397e-01
7.338380156378631058e-01
1.508293481227302557e+00
1.441316547743108689e+00
1.509887140697578678e+00
9.717009214614649171e-01
1.385762424276540727e+00
1.421433591850016942e+00
8.755478631893658381e-01
6.806163644239143773e-01
1.174085449351574661e+00
4.128363132959189663e-01
3.874873658987265101e-01
3.115118014712683903e-01
5.083431764449771739e-01
3.357239233486129515e-01
3.025107568154568605e-01
4.700460520217811244e-01
2.318889182715670183e-01
1.300284731361808777e-01
2.132120026238849275e-01
1.556651195913176244e-01
2.315861643447767459e-01
1.352664776371660382e-01
1.224243987930350996e-01
1.172652016733847086e-01
1.305760731096013427e-01
9.431393331112621070e-02
6.099694221391883941e-02
8.960485828427999788e-02
6.259670816538981386e-02
7.926180562967442833e-02
5.024405061790990917e-02
6.522722991231481859e-02
4.605738252011853939e-02
3.437785196335417515e-02
3.904239656852432488e-02
3.348929859276682242e-02
2.900066152206827452e-02
2.761681605626927979e-02
2.331150974439458873e-02
2.119024810415509608e-02
1.964786020098150537e-02
2.181140500206302582e-02
1.676974091035062647e-02
1.403835197227530293e-02
1.333660183671006236e-02
1.266032153617698691e-02
1.166724112484749179e-02
1.046567064312014031e-02
9.725810000933157728e-03
1.035268652272346851e-02
9.042039491391548958e-03
8.738906896688977688e-03
8.583281866064650448e-03
7.265995554554737987e-03
6.977139608959130775e-03
7.049683815920206563e-03
6.038462379919500890e-03
6.158415438630970504e-03
5.494704841488675176e-03
5.666163016605206028e-03
4.906427194638326821e-03
4.836875068158836243e-03
4.912793148766764900e-03
4.624069871528737816e-03
4.908362312173703869e-03
4.372513876230823757e-03
4.000526577014300832e-03
4.012288450646698049e-03
3.910943645134044334e-03
3.838098462034662123e-03
3.681430213900227250e-03
3.764261535276306435e-03
3.661515273620912555e-03
3.550173811413234563e-03
3.435919261317494505e-03
3.283822442120956208e-03
3.514482351319162760e-03
3.544215648737557463e-03
3.345016696322145044e-03
3.487596446386958138e-03
3.232719102244245839e-03
3.351455240224512737e-03
3.449709934032457303e-03
3.321951591662659041e-03
3.498217772412246223e-03
3.586499328452467418e-03
3.452276776479431750e-03
3.595373833556479281e-03
3.547226261279479501e-03
3.620250372953004621e-03
3.876310007600374755e-03
4.018156019236951600e-03
3.770740450238868613e-03
3.910998289816806570e-03
3.825294703826823562e-03
4.200206776925659823e-03
4.195306540188521727e-03
4.294104556279287367e-03
4.415388758002135143e-03
4.546152428987950550e-03
4.742596277056373467e-03
4.855256461165235841e-03
5.187888342951761482e-03
5.149804572048443350e-03
5.483193728160996698e-03
5.402091663113460333e-03
6.148591319241274167e-03
5.936203225210030451e-03
6.307222593194197237e-03
6.465979937568384212e-03
6.299970275969103695e-03
7.076640886562327384e-03
7.176556821622117298e-03
7.668028367995819924e-03
7.559733669323559155e-03
7.606450426885786112e-03
8.735813771185324192e-03
8.333881894532867499e-03
9.493494431398933828e-03
1.097883868241931841e-02
1.037419531329925038e-02
1.131826300671936666e-02
1.186435942947806910e-02
1.323122789398872845e-02
1.161033221634531418e-02
1.465590143582449524e-02
1.412746478633115053e-02
1.258314720128039278e-02
1.374932547869713896e-02
1.733652217840189053e-02
1.650072799728903583e-02
1.587904403684142415e-02
1.952770192752801767e-02
2.030791852624787286e-02
1.800784093068328803e-02
1.961174628446583912e-02
1.939963390906206467e-02
2.907879927114776289e-02
2.549683430946742685e-02
2.171764328187046969e-02
2.686802505464256849e-02
2.765375767064231008e-02
2.872085414190005126e-02
3.089197389133352054e-02
3.444539970648190924e-02
3.297699242311626089e-02
4.321928654787884905e-02
4.792925207905150004e-02
3.895389888653877364e-02
4.825627321416052495e-02
4.049715362641909816e-02
5.504046217440590472e-02
5.820387516411961587e-02
5.899976464825420347e-02
5.786149769444656060e-02
6.656547580817794019e-02
6.983997611198550226e-02
5.646649010168473121e-02
7.350261214714884361e-02
1.336555531330259061e-01
6.618073581147558559e-02
8.238525274755237326e-02
9.857903122502459370e-02
6.930878476935466159e-02
8.687435154364236967e-02
1.480222859141473168e-01
1.014309297401744525e-01
9.049171295753336008e-02
1.029197445974060349e-01
1.326402988785133630e-01
1.546865705572657013e-01
1.597524550026192536e-01
1.386672575386061479e-01
1.582921210144973279e-01
1.277930594687538279e-01
1.343363704331410613e-01
2.627938495319994683e-01
2.351309936528348521e-01
2.660854535238671992e-01
2.152934544859103350e-01
2.046980258855931878e-01
2.702166841114632123e-01
2.793415901686715497e-01
2.836178925816910668e-01
3.217154547787532959e-01
