1.496488594863412125e+00
1.496488594863412125e+00
1.496488594863412125e+00
1.496488594863412125e+00
1.496488594863412125e+00
1.222622778685448219e+00
1.496488594863412125e+00
1.496488594863412125e+00
1.303024441119736476e+00
1.328392696108522397e+00
1.496488594863412125e+00
1.268043801904867429e+00
9.943759345039392405e-01
1.497961545265533045e+00
9.826810660295911548e-01
1.343585908002451479e+00
8.615990096171903811e-01
9.007029530536148076e-01
8.884679635177117341e-01
5.384815436731393845e-01
9.112345923459624908e-01
8.199617789879393159e-01
7.542315833218473653e-01
6.943547485561225585e-01
5.678622323458111243e-01
8.370673050841914709e-01
3.828944961342318765e-01
4.708143557029782489e-01
5.539336173043089007e-01
3.312079050059602570e-01
4.464096578548221173e-01
2.530807256100960356e-01
2.391220543985161928e-01
1.847926812235483607e-01
1.871708994337252518e-01
1.504348911709199044e-01
1.665894776006505151e-01
1.256322379162191638e-01
1.100812532046203662e-01
1.109975013393269122e-01
1.068276029199276000e-01
7.622915502929122900e-02
7.367892437921337578e-02
7.862143637384717831e-02
7.367024778186091749e-02
6.248700217741565144e-02
5.310367350053354224e-02
4.658810135229523447e-02
4.224101007696027393e-02
3.581636202677149217e-02
2.924609818450071147e-02
2.855366076374954432e-02
2.837557719214858776e-02
2.538789009029789739e-02
2.017330309049980910e-02
1.983708609488549907e-02
1.829437530663867439e-02
1.692918935244436610e-02
1.553749569835657929e-02
1.309031481050875606e-02
1.314076498493915376e-02
1.301922576095633326e-02
1.124516658262583214e-02
1.098368353963634705e-02
9.921027996845769789e-03
9.217143133100236252e-03
8.132525479893810277e-03
8.210846527528610148e-03
7.608845238319390629e-03
7.120352198226762193e-03
6.703635801928542123e-03
6.268955906213228256e-03
6.101123329708434129e-03
5.474077677361736949e-03
5.354077890328599529e-03
5.058640537059825963e-03
4.939164721591375422e-03
4.802511474318390747e-03
4.560806472366806842e-03
4.459392504457840474e-03
4.329864006982227405e-03
4.167050953606275809e-03
3.979611973576596164e-03
3.977976164038121883e-03
3.811244195282732349e-03
3.996649620951582375e-03
3.626662966566701791e-03
3.727240820503040231e-03
3.477004048675639159e-03
3.551645620331367412e-03
3.512962533783756461e-03
3.403578767754475431e-03
3.469914312527321888e-03
3.436636350893970421e-03
3.581922614574651123e-03
3.497717670701054604e-03
3.567706270801597208e-03
3.595712178301816060e-03
3.413956963900365450e-03
3.505205158230591343e-03
3.572309669446820535e-03
3.526008096057141588e-03
3.590154737745189072e-03
3.700934310950030823e-03
3.714613616846240609e-03
3.761717250623956843e-03
3.820288843658884749e-03
4.040341030891193494e-03
4.029711352550983255e-03
4.127590921833503186e-03
4.202298469939701013e-03
4.177971856434516129e-03
4.566672926094192571e-03
4.556289574877821387e-03
4.801715329934593338e-03
4.861502701368999521e-03
5.086165840224001616e-03
5.182357033201585861e-03
5.515028045784217507e-03
5.761136961297641350e-03
5.871680886316486998e-03
5.901592790936532190e-03
6.242156797685870055e-03
5.934144807216786173e-03
6.536382385451600628e-03
6.829711929952184297e-03
7.032597361379315168e-03
7.339870041406088702e-03
7.866022304833806059e-03
7.762775705366850403e-03
8.526550050892848023e-03
8.751500169465832590e-03
9.025869499440064558e-03
8.892372132470169332e-03
1.102953654735599684e-02
1.066845347898175318e-02
1.139124462892553667e-02
1.080194039800919451e-02
1.230043927615737977e-02
1.261010861219746641e-02
1.353059345761619021e-02
1.370150068509595233e-02
1.544215321571990214e-02
1.626531092573236734e-02
1.636457508078812545e-02
1.689008605136526481e-02
1.871349045431600772e-02
1.780331184020004717e-02
1.990616891441789049e-02
1.991907992614073628e-02
2.143968716315201167e-02
2.269592894694812124e-02
2.921631462316712571e-02
2.330849373573022285e-02
2.708750174732552432e-02
2.810085706617536025e-02
3.561215164247238940e-02
3.030306954287477136e-02
2.927724517382621072e-02
3.810433429397194066e-02
3.477981488510696606e-02
4.036452076237001529e-02
4.380753784663229955e-02
4.123135478140193405e-02
4.720935312999982592e-02
4.734137577525088236e-02
5.208770545370897814e-02
5.646819411340796985e-02
6.022391022519472253e-02
6.143695225528943149e-02
7.003267893645481745e-02
6.966558382357207480e-02
7.344269860012081486e-02
6.714349299437025187e-02
8.862432899824905508e-02
7.311614660793169795e-02
8.425313941325636435e-02
8.554500233725916003e-02
1.022610885535123887e-01
1.034278985121329930e-01
1.056355216385446438e-01
1.054353716154604048e-01
1.084162408518959120e-01
1.224262013436327734e-01
1.287904807495037496e-01
1.286142748189898488e-01
1.476449989044403555e-01
1.418060027367992193e-01
1.257225124234276903e-01
2.018795117618676083e-01
2.125814607345119511e-01
1.579854875507892276e-01
1.871862795598357165e-01
1.779289064130364362e-01
1.970624898315962159e-01
2.450560984643068430e-01
2.099337920678228941e-01
2.637891233236480670e-01
2.740964246697866757e-01
3.298342784067535560e-01
