9.864856400000000434e-06
1.428751066666663139e-05
1.367698873333332290e-05
1.559000626666660338e-05
1.361734133333328709e-05
1.392032093333325576e-05
1.219125733333331486e-05
1.877762873333333070e-05
1.878858539999998684e-05
2.000696006666669437e-05
3.261388073333352079e-05
2.823280560000016105e-05
2.664435213333345921e-05
2.008158993333334383e-05
1.731915059999996747e-05
2.998519880000017571e-05
2.664131320000011585e-05
2.985879873333346910e-05
5.974608166666622085e-05
3.120926173333352549e-05
4.014122433333337732e-05
3.288143290000018157e-05
4.871154426666656124e-05
5.316859439999990631e-05
4.934689473333315709e-05
5.665178966666632932e-05
5.599314969999976918e-05
8.812039096666650188e-05
6.266048499999978298e-05
6.417210259999973931e-05
1.070078401666662058e-04
1.322085744999999595e-04
1.716159612000008213e-04
9.890852319999989450e-05
1.545356625999998754e-04
1.536378108333338584e-04
1.518366571000002269e-04
9.306365941133308637e-05
2.082240082000007817e-04
1.582180221333335320e-04
1.727058661333341020e-04
1.847083282446677552e-04
1.947290789000005046e-04
2.331838707113342304e-04
2.201246910333342689e-04
1.998054491333341772e-04
2.432970727000013044e-04
2.627719716333346846e-04
3.637856693000013678e-04
3.473304746666675403e-04
2.928884494446679435e-04
3.874404403999999599e-04
3.485456202333328643e-04
4.921148122666661306e-04
5.883294963673330437e-04
5.934174205780001071e-04
4.236463642779999790e-04
5.973261774999992025e-04
6.273469414666655664e-04
6.125806040226668917e-04
6.323044676893329902e-04
7.416152262560000942e-04
5.926307752113327580e-04
6.997642155999997306e-04
6.223169837779988795e-04
7.698581475446665892e-04
6.132989940779993553e-04
9.261875251000006729e-04
9.737286821779984284e-04
1.008165578044665188e-03
7.589843281666656992e-04
9.762626856446653774e-04
9.312103095006660052e-04
9.549848404780002156e-04
1.029191075389999628e-03
9.403918677120019168e-04
1.120367588000000404e-03
9.472409375446664854e-04
1.158528513889334763e-03
8.667649707006662343e-04
1.145135974222665247e-03
1.383053499533999642e-03
1.016580182167332652e-03
1.094686550111333753e-03
9.754094152453339928e-04
1.109331112768000309e-03
1.104385049834000253e-03
1.105205340134000121e-03
1.362295509178002842e-03
1.391482543133336792e-03
1.232067246856668671e-03
1.327315935911999728e-03
1.287656219767335060e-03
1.098043996778000136e-03
1.137293880645332206e-03
1.220591832589334970e-03
1.148139275901333741e-03
1.305106608745335928e-03
9.826657371673332229e-04
1.361568052912002320e-03
9.392607325786664872e-04
1.173019149266665406e-03
1.287926131112002983e-03
1.141783860144667028e-03
8.723394767339997949e-04
9.966227645113328888e-04
9.392683404900000659e-04
1.014389611601333686e-03
8.377526322340000551e-04
9.859034875226658969e-04
1.092504430855999967e-03
8.553653189453335436e-04
9.723648563226665060e-04
9.914439564566667439e-04
8.707247967560003896e-04
7.923274748559993620e-04
7.883578466673333033e-04
7.758071716333326488e-04
6.731669232560001876e-04
7.150387498780001695e-04
5.969014832893337332e-04
5.245128564446666867e-04
6.043335225119994634e-04
4.909303716446664209e-04
5.123237262226669302e-04
4.045515871779999714e-04
5.021472556559999391e-04
4.177493733780002043e-04
3.076489134893333767e-04
3.363169723779998121e-04
4.201552415779997562e-04
4.479828037780000851e-04
3.586118138666663339e-04
3.147098575113336269e-04
3.238609635333333401e-04
2.715484636446665332e-04
2.846198139780002981e-04
3.171982262446669163e-04
2.829954475333334410e-04
3.445657414000003306e-04
3.087616094446665608e-04
2.868565025333332983e-04
2.000280478666665934e-04
2.062784103780000884e-04
2.335910209000001349e-04
1.892312016666666200e-04
2.220759769113331771e-04
1.043830807333332605e-04
1.378867197666665842e-04
1.004620363779999790e-04
1.293077947999999309e-04
1.241729745779999289e-04
8.438285553333332455e-05
1.656329204666665944e-04
1.295340248999999190e-04
1.021098703333333374e-04
8.683788406666658908e-05
7.552739280000001583e-05
1.570552490446666639e-04
7.154409700000001027e-05
1.357206594666666131e-04
7.470738653333337776e-05
5.300675386666667651e-05
2.923753406666667901e-05
6.515763293333332116e-05
1.184395325999999191e-04
7.286289386666661952e-05
6.601171893333334577e-05
5.302760177800000231e-05
4.042757899999998124e-05
6.784777453333333303e-05
5.049515991133334447e-05
2.500314626666665671e-05
1.228302646666666495e-05
5.453036113333335582e-05
4.580160293333333023e-05
3.613100026666667684e-05
7.383701999999997225e-06
2.300065756666667876e-05
7.158457800000001236e-06
2.345985275600000994e-05
2.817574979999999544e-05
2.758619066666666243e-05
1.294533133333333924e-05
1.658072333333333474e-05
2.056015093333333276e-05
2.867467446666667041e-05
1.335969680000000212e-05
8.085230466666668591e-06
5.983334333333334449e-06
3.088612666666667396e-06
4.907264066666665218e-06
8.394195533333336079e-06
5.726609333333332261e-06
2.956635000000000196e-05
1.258926133333333470e-05
3.376527333333334286e-06
3.358013133333335384e-06
2.260928000000000167e-06
4.440977333333333048e-06
