9.925842000000018002e-07
1.243797533333331292e-06
1.564944199999996054e-06
1.691810866666665194e-06
1.351370866666666044e-06
1.710157533333331135e-06
2.031304199999996532e-06
1.993664199999995568e-06
1.602584199999996595e-06
1.444684199999996591e-06
2.270851466666664540e-06
1.726432133333331913e-06
2.013270866666663044e-06
1.654484199999997530e-06
1.799454799999996431e-06
2.553024199999996680e-06
2.890758799999995309e-06
3.449204199999994426e-06
1.898497533333330928e-06
2.757197533333326831e-06
2.882230166666663278e-06
3.219484199999994193e-06
3.628229533333324966e-06
3.238790866666658470e-06
3.258697533333325333e-06
2.569778099999995463e-06
3.221604799999995173e-06
4.238867333333330505e-06
4.350030866666668095e-06
6.912006733333344548e-06
3.961570866666658434e-06
5.086922866666676014e-06
8.632041933333339725e-06
4.409864200000000488e-06
6.828272133333350603e-06
5.328249266666667301e-06
4.555383500000000327e-06
8.012321900000014994e-06
7.218743266666685288e-06
7.407660600000017410e-06
7.997575800000014163e-06
9.744065266666679742e-06
9.597801800000010588e-06
3.616693233333324773e-06
8.754229933333355774e-06
7.274302600000011088e-06
1.081584393333335646e-05
1.159817363333334785e-05
9.609660300000007690e-06
8.867224266666681135e-06
8.961520733333350045e-06
1.153092939999999738e-05
1.239515516666666970e-05
9.145992266666678328e-06
1.422434343333332591e-05
1.539621446666665795e-05
1.779226590000002146e-05
1.012029084466667733e-05
2.054532826666669146e-05
1.341761739999999628e-05
1.229152144466666770e-05
1.618618729999997990e-05
3.940059206666665133e-05
1.628926148933332229e-05
2.241931525600000601e-05
1.695711071133332380e-05
2.190110146733338515e-05
1.555085981133332574e-05
2.641098791133336245e-05
7.854930793399997758e-05
3.971169948933335128e-05
5.975611437799995912e-05
3.754001260000003950e-05
7.837508341133341710e-05
7.063621074533344899e-05
5.712636206666669558e-05
7.199408496666663928e-05
1.243684241120001570e-04
6.933026615600004631e-05
9.077458405600002424e-05
1.104143460226668220e-04
1.034513371893333220e-04
1.561218782666666733e-04
7.910809264466681556e-05
1.132868541560000115e-04
1.023090863226667465e-04
1.930176149226667400e-04
1.165883447780000841e-04
1.582701887786666227e-04
1.575223562453334448e-04
1.447126062673334752e-04
1.738954352893333066e-04
2.288549094446665623e-04
1.993368795780001330e-04
1.931886161226666467e-04
1.522216374226665616e-04
2.152022334780000668e-04
1.460559232006665995e-04
2.041357609333334974e-04
1.904281380006667482e-04
1.902534433113333443e-04
1.844824288119999601e-04
1.854198709000000193e-04
1.995590495006665372e-04
2.311450908559999800e-04
2.447198978113333204e-04
2.631005760119997606e-04
2.495083398446666873e-04
1.711313046673332034e-04
2.251922893780002218e-04
2.138860109786667790e-04
3.105771085453332353e-04
1.901848157559998668e-04
2.499449800893334124e-04
2.251786168666667742e-04
1.689290194006666285e-04
1.752904259006666328e-04
2.120091517786666028e-04
2.393234441333331639e-04
1.596462489779998883e-04
1.646942065559999847e-04
1.558203588446666098e-04
1.932774112446665753e-04
1.873142096999999345e-04
1.636379465113333191e-04
2.304950878000000666e-04
1.465466572333333245e-04
1.637164700006666978e-04
1.425994714780000415e-04
1.748023771000000413e-04
1.062235153113333749e-04
1.298191049780000189e-04
1.141655345113333763e-04
1.005603462666666657e-04
1.156294558893333237e-04
1.477422866779999654e-04
6.545110656666669913e-05
9.985999924466665940e-05
8.417555377800004564e-05
7.476699966733335047e-05
7.546672280000001358e-05
1.238873922000000038e-04
6.952313521133334569e-05
6.372504314466667630e-05
9.491470340000000925e-05
1.099155129333333338e-04
8.483677760000001423e-05
4.116339546666665549e-05
3.918037620000001969e-05
3.928456546666666047e-05
7.485261226666666825e-05
1.094844907333333340e-04
5.316684133333332915e-05
3.056014493333333214e-05
4.894246146666666406e-05
2.063997571133332636e-05
5.121681273333335673e-05
2.100770736666666267e-05
3.325126273333332339e-05
4.074332704466666351e-05
3.310214479999999589e-05
3.332802279999999638e-05
6.990215206666668189e-05
2.906130073333332856e-05
5.182442199999999819e-05
3.652067668933333419e-05
4.370494880000000654e-05
1.971496666666666672e-05
3.382033333333333383e-06
1.861240799999999840e-06
3.166981066666666654e-05
3.089181403333333454e-05
1.698350673333333020e-05
1.034393333333333359e-06
1.216404599999999822e-05
1.047535806666666473e-05
1.392021673333333432e-05
2.904303999999999561e-06
1.504624806666666121e-05
1.575161000000000080e-05
1.570192206666666974e-05
5.301364466666667108e-08
4.334918666666666962e-06
8.841305333333334703e-06
6.968913333333333589e-07
1.752730273333333240e-05
2.286905999999999819e-06
1.672199333333333373e-06
8.297266666666665539e-08
1.174057806666666547e-05
1.924579999999999887e-07
8.089513333333333711e-07
1.533872000000000330e-06
1.226486666666666753e-06
1.324155266666666704e-05
1.895886666666666646e-06
6.415266666666666289e-08
1.320199999999999871e-07
1.189047333333333283e-07
0.000000000000000000e+00
