1.740185140000002296e-05
1.098634400000000562e-05
1.557759200000003000e-05
1.225875140000000778e-05
1.818240080000002045e-05
1.623500220000002195e-05
1.435083820000001225e-05
1.597746760000001706e-05
1.162983620000000682e-05
1.904991420000002391e-05
2.988682820000004712e-05
1.964486020000004001e-05
2.209604220000005892e-05
3.062233900000004054e-05
2.087019620000003163e-05
1.945055220000004573e-05
2.002663160000005431e-05
5.262377679999999635e-05
1.973828540000001943e-05
3.673198899999992198e-05
3.596968959999994079e-05
5.112974079999998137e-05
3.141108430000002632e-05
1.038677790000001264e-04
8.323751909999999401e-05
9.443602340000026882e-05
1.249807985999998360e-04
5.568523979999997250e-05
4.553150719999997804e-05
9.210116420000009126e-05
1.207887801999999253e-04
9.100219660000014867e-05
1.125031183999998638e-04
7.061081180000006901e-05
1.544374274000001558e-04
2.143442897999998269e-04
7.789059479999998548e-05
2.209950371999998969e-04
1.256013817999999602e-04
1.539090983999999061e-04
3.193923259999998840e-04
2.507124580000000616e-04
1.535241185999999000e-04
3.423013152000000401e-04
1.995041354999997629e-04
3.263650304339999484e-04
2.653059381999999162e-04
2.424692559999999653e-04
4.006860139999999766e-04
2.295996960000001007e-04
4.533226288000000051e-04
3.961555635999998719e-04
3.819439673000000124e-04
4.529526947999996619e-04
4.194777657000002265e-04
5.027081632000004281e-04
4.997497992000006278e-04
5.096403929340010980e-04
6.104819405339999240e-04
6.172114413340003746e-04
4.480097031000001228e-04
5.007828491340005983e-04
6.627752149000008938e-04
8.306422916000009071e-04
9.811950082000003848e-04
6.927981433340012467e-04
8.381850674340012800e-04
5.019009576000007080e-04
7.050816257000012315e-04
8.901348818000007473e-04
8.246327011340016076e-04
8.114014685000006276e-04
8.618433152000013484e-04
7.230828047340008991e-04
7.859637123340009043e-04
1.056948197700000296e-03
1.054822523200000433e-03
1.489988117567999639e-03
1.287590900100000308e-03
1.210167403599998531e-03
1.028657646199999205e-03
1.105616587567999484e-03
8.620654948000009603e-04
1.071766114199999755e-03
1.102394830899999442e-03
1.450162947133998900e-03
1.217338881033998895e-03
9.849466358340004668e-04
1.233959005102000820e-03
1.412645960367999451e-03
1.271477999700000540e-03
9.281639062340006803e-04
1.423555098534000146e-03
1.159909901099999288e-03
1.149404621999999604e-03
1.283638049001999864e-03
1.485372040399999963e-03
1.563508661399998700e-03
1.272400037635999489e-03
1.003536667333999877e-03
1.107805129933999225e-03
8.667440868000006937e-04
1.127463872499999322e-03
6.680274056000000578e-04
1.104939577400000303e-03
1.026253965200000628e-03
9.607676618000008262e-04
1.218619105402000274e-03
9.971976451339994042e-04
1.131532839467999435e-03
1.129471921500000168e-03
8.017610692340007041e-04
8.114809308339999971e-04
9.428409861340004321e-04
9.231151490680005248e-04
8.852204154000002439e-04
5.664896750000000033e-04
6.846919036999998907e-04
7.226804603340006945e-04
9.888336621339996989e-04
5.690492620339998239e-04
6.036300589999998379e-04
7.845047390000000785e-04
5.311435116680000498e-04
6.552213102680001962e-04
5.911956729999997846e-04
3.562414249339998593e-04
5.723593317999999507e-04
2.491111017340000701e-04
3.643997781339998400e-04
4.956148049340001116e-04
4.794105221000002155e-04
2.792186825999999297e-04
3.775264899999998210e-04
4.714739929999998578e-04
2.307852319999999745e-04
2.700981501999998730e-04
2.304368617999999480e-04
2.585904897339999921e-04
2.257822093999999719e-04
4.663502528000000417e-04
1.870618537340000022e-04
2.024484028000000165e-04
1.016230157999999659e-04
1.223027523999999924e-04
1.683061535999999991e-04
4.679006965340000088e-04
2.009753260000000181e-04
1.663201534000000254e-04
2.842501981999999753e-04
1.889269140679999612e-04
8.137565653400002973e-05
9.437125600000000189e-05
6.061026940000000646e-05
1.135428394000000064e-04
1.970577473999999836e-04
1.178483293999999800e-04
1.079198590000000451e-04
6.418702680000001816e-05
9.301745293400000573e-05
4.754772080000000648e-05
4.277169359999999284e-05
1.766772833399999907e-05
6.439791739999998826e-05
5.187380140000000722e-05
5.172276599999999918e-05
3.332327720000000023e-05
8.097302199999999894e-06
7.904942340000001874e-05
6.771318000000000786e-06
4.015703399999999483e-05
1.605166539999999814e-05
1.149919220000000130e-04
2.510358340000000128e-05
1.556079760000000670e-05
3.678344400000000465e-05
4.102465739999999582e-05
5.475153140000001058e-05
2.929306280000000139e-05
9.474812000000000655e-06
1.712286399999999985e-05
6.598516000000002402e-05
1.109402000000000225e-05
5.454080200000001029e-05
3.766847999999999718e-06
5.709958599999999287e-05
6.372679400000000648e-06
3.616456599999999625e-05
1.868077800000000229e-05
8.643078000000000124e-06
4.733358000000000396e-06
2.770108000000000177e-06
1.703775999999999864e-06
4.620826000000000166e-06
2.989527799999999123e-05
2.434295999999999605e-06
3.299058000000000000e-06
1.244451740000000216e-05
2.527099999999999911e-06
4.241537999999999742e-06
