2.181737599999999818e-06
1.595117599999999452e-06
1.861377599999999932e-06
1.804917599999999756e-06
2.502097599999999491e-06
2.784397600000000160e-06
4.979117600000001485e-06
2.294657599999999746e-06
2.447997600000001144e-06
1.804917599999999333e-06
1.161837599999999003e-06
2.196741399999999059e-06
3.258097599999999961e-06
2.348757600000002752e-06
2.405217600000001022e-06
3.562777600000000066e-06
2.752677600000002520e-06
1.595117599999999664e-06
1.274757599999998932e-06
2.615017600000001961e-06
2.504955500000000093e-06
2.757817600000000407e-06
3.481577599999999471e-06
4.393277600000001686e-06
5.941475499999995187e-06
4.146335499999998344e-06
4.505257599999999384e-06
4.349461399999995111e-06
1.227986139999999375e-05
4.410257599999996059e-06
6.563981400000000464e-06
9.280617599999996638e-06
8.706997599999994497e-06
9.926017599999995575e-06
7.948411499999993008e-06
8.297849399999992416e-06
5.139281399999994437e-06
5.784003199999997226e-06
7.854977599999996850e-06
1.090872119999999670e-05
5.859127299999999870e-06
7.789597399999988799e-06
7.631897299999992047e-06
7.467449599999993435e-06
1.043011699999999337e-05
8.962359299999993336e-06
9.827545199999998296e-06
1.172043789999999777e-05
8.266002999999993235e-06
6.797290999999997123e-06
8.695494399999998330e-06
1.136731079999999216e-05
6.651687099999998719e-06
1.395106880000000131e-05
1.228079469999999243e-05
1.634973200000001140e-05
2.128672903400001093e-05
1.187717669999999761e-05
1.351225439999999827e-05
1.030831519999999505e-05
1.865925220000000810e-05
9.760930833999995602e-06
9.187020933999996830e-06
9.747237899999996064e-06
9.822063399999995506e-06
1.577271059999999587e-05
2.356000660000001775e-05
5.683433860000001954e-05
8.288407040000001272e-05
1.877519190000000941e-05
3.215595403400000680e-05
1.348785909999999951e-05
1.100214821999999365e-04
7.603619903399999006e-05
4.912824319999999577e-05
3.591972450000002510e-05
7.620426380000002353e-05
1.129777476000000397e-04
4.409642359999995872e-05
3.567998659999997485e-05
1.626225233999998708e-04
1.044158866340000335e-04
7.965831719999997868e-05
1.350443976999999294e-04
6.163597230000000913e-05
8.890906170000002046e-05
9.545567390000002589e-05
4.868057143399996673e-05
1.054460979339999732e-04
1.432919183340000246e-04
2.122715766000000742e-04
1.721236123340000117e-04
9.733313873400003472e-05
1.074145014680000172e-04
1.308656158999999745e-04
1.459624998000000481e-04
3.504431955000000105e-04
1.415491314000000213e-04
1.920778030000000144e-04
2.685474571340001437e-04
1.856157076000000011e-04
2.724990297340001413e-04
2.081467576000000503e-04
1.158867049340000838e-04
1.853014701999999955e-04
2.221492822999999626e-04
3.871223699000001677e-04
2.047808225340000865e-04
1.804492642000000188e-04
2.651130248000002501e-04
1.927704687339999777e-04
1.348385942999999715e-04
1.817082567340000420e-04
8.172610213400001140e-05
1.815636238000000271e-04
2.292384195999999175e-04
1.277326549999999877e-04
1.827081090000000655e-04
2.053698546000000923e-04
1.698437542680000074e-04
1.079141514000000237e-04
2.048736635340000177e-04
7.530049939999997847e-05
1.685683427999999911e-04
1.727428044000000403e-04
1.568771731340000387e-04
5.893088659999998631e-05
1.872339046000000512e-04
1.877533722000000716e-04
1.494289375340000119e-04
3.234943999999999499e-05
1.790684375339999981e-04
1.605571642000000064e-04
1.487258801999999868e-04
1.854217023999999651e-04
9.265512640000000424e-05
1.203763582000000169e-04
9.071102019999999048e-05
4.643300279999999910e-05
1.991585310340000098e-04
4.514254479999998992e-05
6.480701019999998843e-05
2.052069020000000076e-05
1.010485102000000039e-04
1.439878261999999779e-04
5.925944399999999749e-05
3.507877419999998550e-05
1.066352501999999984e-04
1.981839693399999741e-05
5.385989313400000575e-05
8.363821599999999191e-05
1.411422243999999905e-04
4.149127293399999214e-05
5.229770913399999258e-05
7.363539999999999509e-07
3.059297599999999086e-05
9.703093999999998887e-06
6.520227599999998491e-05
9.930435999999997430e-06
2.028403799999999819e-05
1.668879600000000094e-05
3.188130000000000255e-05
1.733194000000000028e-06
8.869526000000001518e-06
5.647330000000000698e-05
1.151641800000000131e-05
6.070795799999999384e-05
4.475120000000000172e-07
3.118603400000000229e-05
6.647077999999999244e-06
8.020600000000000762e-07
6.973671800000000190e-05
7.054511799999999911e-05
6.518959999999999500e-07
2.869143799999999836e-05
2.971455999999999897e-06
7.581799999999999983e-06
3.637000000000000076e-07
1.977341999999999999e-07
2.550540000000000020e-07
3.695525799999999338e-05
2.886125199999999965e-05
3.637000000000000076e-07
4.327576000000000052e-06
0.000000000000000000e+00
4.347199999999999646e-06
3.415399999999999860e-05
1.694325799999999932e-05
1.924579999999999887e-07
1.924579999999999887e-07
1.924579999999999887e-07
5.647800000000000373e-06
1.924579999999999887e-07
0.000000000000000000e+00
5.692780000000000237e-07
0.000000000000000000e+00
3.443782000000000565e-05
3.637000000000000076e-07
0.000000000000000000e+00
5.645999999999999735e-08
