3.358200032734294793e-01
2.835115844288367271e-01
2.291829869491067706e-01
2.870427466634403735e-01
1.881621485532956883e-01
2.261150145784377452e-01
1.679818005920983848e-01
1.534728468333787232e-01
1.481170314660188170e-01
1.298199535434585716e-01
1.258348331950313037e-01
9.842982944244325905e-02
9.848927385716647886e-02
8.916788142266633688e-02
7.801141731349391095e-02
7.350915564126549173e-02
7.680337962846298105e-02
5.766288898224984638e-02
4.833001302289003515e-02
5.226620143443384131e-02
4.216973425607448145e-02
3.996884734191417238e-02
3.191742679123746318e-02
3.606941384585798938e-02
2.560825773314232348e-02
2.407789305796054213e-02
1.991091938447480530e-02
1.943693347294383686e-02
1.730700419352421138e-02
1.471515062483963639e-02
1.385147127959590607e-02
1.366507191835992542e-02
1.177529959339979927e-02
1.142994382552693297e-02
1.032648493155522741e-02
9.166270772668861852e-03
8.357704734077570086e-03
8.156012002314116591e-03
6.859210199845776346e-03
6.515243793938362525e-03
6.571123189073683687e-03
5.971384441046838527e-03
5.538745701372246172e-03
4.934677939017760410e-03
5.066287271736314921e-03
4.733369904829867574e-03
4.646626852114479726e-03
4.351693123887964351e-03
3.925516993611699416e-03
3.794351313920029355e-03
3.471389802600735944e-03
3.405256464670805474e-03
3.162007589536276666e-03
3.076660411345099200e-03
3.029591074275472806e-03
2.881305729136243807e-03
2.791677366496880808e-03
2.697005918906355236e-03
2.618106544165455570e-03
2.599682068794921010e-03
2.497335027689769581e-03
2.389807109112521838e-03
2.332318426830281514e-03
2.286101104848078588e-03
2.327042665060276468e-03
2.386872875362445676e-03
2.225585038776774303e-03
2.240933969890109272e-03
2.071703531340995767e-03
2.179265342109521809e-03
2.153973340004650735e-03
2.196706024273235424e-03
2.082749448340135909e-03
2.106824501200842744e-03
2.152436645022973161e-03
2.101074595141366828e-03
2.115042056587247612e-03
2.211419866095210365e-03
2.245311831480889184e-03
2.263755801262374700e-03
2.177136706787776831e-03
2.268787863702623718e-03
2.325640135179688536e-03
2.446111880969123551e-03
2.404728676997625134e-03
2.365456956284643208e-03
2.651828145137011088e-03
2.597326934192647780e-03
2.602972620553683798e-03
2.646556117671313227e-03
2.735537798149388720e-03
2.796537020435067248e-03
2.890247906109772152e-03
2.990078055081761381e-03
3.131613234326805894e-03
3.253018237483205725e-03
3.247312636217331884e-03
3.549118658799727422e-03
3.649768739095640441e-03
3.739733843194678001e-03
3.919629985357493511e-03
4.001705137566750024e-03
4.126734941561311515e-03
3.989420356824143615e-03
4.373898066184072307e-03
4.673213986149649633e-03
5.248700594717373678e-03
4.930304575588187292e-03
5.347034159805905996e-03
5.505346594888752346e-03
5.888626358472707351e-03
6.375276351662238425e-03
6.153815734166259883e-03
6.913391046521440847e-03
6.998783660589888087e-03
7.692055883786097850e-03
7.739244750697192934e-03
8.739191700358594356e-03
8.267949567531959060e-03
9.459159464127012834e-03
9.967520516295052396e-03
1.093770999374095096e-02
1.153887079728787256e-02
9.964366010929341308e-03
1.279534652608226714e-02
1.359431883120952242e-02
1.424296231929995764e-02
1.357038342794065176e-02
1.561946569602994973e-02
1.622083077749960148e-02
1.610235536824496452e-02
1.820022277857851270e-02
2.114092329844904569e-02
2.002031141881542575e-02
2.070458718425608954e-02
2.117075023626198427e-02
2.419050307158995480e-02
2.678464227895890545e-02
2.811092253277758940e-02
2.620412386475990882e-02
3.222324102530685352e-02
3.183466266792383398e-02
3.715842171901287405e-02
4.033786254446561359e-02
3.397654238683099626e-02
3.940362304771578839e-02
4.112598668817035036e-02
5.224319071871046105e-02
4.402548775661840885e-02
5.313088997996175122e-02
5.487502667157022340e-02
6.547037615860810955e-02
6.560516269247762544e-02
8.029753041515703960e-02
7.460416404551023506e-02
7.282673060947525423e-02
1.089126504141058605e-01
8.448208799551680526e-02
9.075578493185590401e-02
1.047255209550222166e-01
1.224275078602237721e-01
1.281791984552334285e-01
1.577408231224865787e-01
1.219329239327461151e-01
1.685859541030854114e-01
1.072027180722999601e-01
1.260117333413492413e-01
1.233843100394360487e-01
1.955163958245552391e-01
3.342892253032235805e-01
1.899517133913321831e-01
2.936032817532966410e-01
3.359714374717976959e-01
2.793260994383072737e-01
2.074569544177697067e-01
3.806674205310655035e-01
2.122425086697050378e-01
2.774175272371938172e-01
3.864404448300620132e-01
3.217560290120362043e-01
3.011972836040798240e-01
3.485705651303455666e-01
4.957170317884046495e-01
6.896897247541317055e-01
5.025760628098427940e-01
5.721190083262298609e-01
5.419601875532694679e-01
4.205014927642638511e-01
1.001592048652666156e+00
6.855843043973965933e-01
4.420120065586738423e-01
1.087059778719839054e+00
9.124965487795432262e-01
1.662204714473492162e+00
1.421222630027063616e+00
6.884420024217771328e+00
2.870319383581276806e+00
1.854998811954743809e+00
1.206071298753415233e+00
5.335279269631998389e-01
