3.512499562000095097e-04
4.334370616000102531e-04
4.618601750000096815e-04
3.641683750000092898e-04
5.088748010000053446e-04
4.836809750000098233e-04
4.917258916000096826e-04
4.275247210000113576e-04
4.652655696000113886e-04
6.693614736000082135e-04
7.203816402000079964e-04
6.244638650000072918e-04
7.297740070000084114e-04
7.521335258000074733e-04
8.833199020000055343e-04
1.078297795000006561e-03
1.077490663600003682e-03
1.080711843800004086e-03
1.493504732600003980e-03
1.523523071800001426e-03
2.073827276599969800e-03
2.053130624999958704e-03
1.988171758599983560e-03
3.085594821199907651e-03
3.417517855799905892e-03
2.865206698199921406e-03
4.554363451799977279e-03
3.971138903599973416e-03
5.227970143400007333e-03
5.556139962600005651e-03
5.039812897600002423e-03
7.380824528800134128e-03
7.401771183600153875e-03
8.794530064800238148e-03
1.081425209300028098e-02
1.180095303740031319e-02
1.213421047800031238e-02
1.374326504200028623e-02
1.260491644100035329e-02
1.515367783400033662e-02
1.823619017680029944e-02
1.747996760340032527e-02
1.934886918540031781e-02
2.178922447380028660e-02
2.242914668580031634e-02
2.477140383860032199e-02
2.593466848420027462e-02
2.768826419840007824e-02
3.070395084679982539e-02
3.368970147219945560e-02
3.604785233279950846e-02
3.886664810299925860e-02
3.893920225579931838e-02
4.388718290659934101e-02
4.207718599659933389e-02
4.609578373639919985e-02
4.693288437179920364e-02
5.198044460919913623e-02
5.186049074739908921e-02
5.636648092639930802e-02
5.585434225959916288e-02
5.805152887519916816e-02
5.956884451739931363e-02
5.954431887959960035e-02
6.545021629359981663e-02
6.546118029219950840e-02
6.808506186839972940e-02
6.775098848019973918e-02
6.892358247919984360e-02
7.257141325599987536e-02
7.037424972839999293e-02
7.169253918100000622e-02
7.085726296359988463e-02
7.540131278720003938e-02
7.316138445939987522e-02
7.263058953719987720e-02
7.256233209379996107e-02
7.088481680900030057e-02
7.730910649820015024e-02
7.832685448260010008e-02
7.248051248819999126e-02
7.110531248260006099e-02
7.175827463300007980e-02
7.262370653260008524e-02
6.714269425840020677e-02
6.846381051260040651e-02
7.120772972220032471e-02
6.659065128940007405e-02
6.524484243260011973e-02
6.787494008560021608e-02
6.360634330740033704e-02
6.255532279680015018e-02
6.082751168280018522e-02
6.162678141880012506e-02
5.644540859140016742e-02
5.930140972879999195e-02
5.106012440579991984e-02
5.141471093479987875e-02
5.225771086899987788e-02
4.953618056959983168e-02
4.609638100999993715e-02
4.647812085279986322e-02
4.582262612179986705e-02
4.119522940539992184e-02
3.927324484559988754e-02
4.107603872699987224e-02
3.967799806399989471e-02
3.880148996279983442e-02
3.751249361519994052e-02
3.184549328919996508e-02
3.206736360019995374e-02
3.131297291559989593e-02
3.092137390779990322e-02
2.675437063859991901e-02
2.773489792599988929e-02
2.456543068939992178e-02
2.322564385579993507e-02
2.269252832839991491e-02
2.205005279979990393e-02
1.949858021079989984e-02
1.892892557299990022e-02
1.938204109399989383e-02
1.867681412839989133e-02
1.782857765899993618e-02
1.626044150339991598e-02
1.651435900019992964e-02
1.438926884339991781e-02
1.438938062759992018e-02
1.326663163579993275e-02
1.346233380119993446e-02
1.144152645539991617e-02
1.036643760379994499e-02
1.215619057099993731e-02
1.102669870739994215e-02
9.493280010599951246e-03
9.571234437599942038e-03
8.819229764199959867e-03
8.486958508199964057e-03
7.274294009599965513e-03
7.657044282199975196e-03
6.404589788599981785e-03
6.247713740599985209e-03
6.194151459999980985e-03
5.010911329599986898e-03
5.048109289599984027e-03
5.953839100799977573e-03
5.287826425199981806e-03
3.887327423799998016e-03
5.091478097199981546e-03
3.472354618199997248e-03
4.059050112799993983e-03
3.496151986199995225e-03
2.783829748999998993e-03
3.400964917199997620e-03
3.131195931799998083e-03
2.259386436199998377e-03
2.639630700600002506e-03
2.310135462199999681e-03
2.171574370600000674e-03
1.971999063799997724e-03
2.496715792199998354e-03
1.074802533800000865e-03
2.013955555400000295e-03
1.888667544400001548e-03
1.210533796200002378e-03
1.735823133000001257e-03
1.444670622000001096e-03
9.593422093999995825e-04
8.926640585999994632e-04
8.378754989999996020e-04
1.007499224000000431e-03
7.837303613999996137e-04
8.281653990000002047e-04
7.000451151999988967e-04
5.468999882000003410e-04
9.620135321999997340e-04
8.640273991999995132e-04
7.381592617999991647e-04
4.727604861999994438e-04
5.850026661999996195e-04
5.364444969999997105e-04
5.117870184000002575e-04
3.807954707999998043e-04
4.521124472000001863e-04
5.730602077999994489e-04
4.354460740000000614e-04
2.924216150000002101e-04
4.612096962000001785e-04
4.030216575999998334e-04
5.093896614000000466e-04
2.909220246000001416e-04
5.424321849999995046e-04
2.720875716000000920e-04
3.656544245999999955e-04
3.722734252000000515e-04
2.093496117999999882e-04
3.485738659999999801e-04
1.208160680000001111e-04
3.932328999999999599e-05
1.941430142000000907e-04
