3.915075680000001468e-04
3.915075680000001468e-04
3.915075680000001468e-04
3.915075680000001468e-04
4.005351680000001822e-04
3.915075680000001468e-04
3.915075680000001468e-04
8.148231939999975998e-04
3.930965280000001181e-04
3.909971080000001348e-04
5.162170340000001023e-04
7.244032679999988034e-04
1.009265267999999004e-03
1.367729753999998542e-03
3.927654940000000839e-04
8.896482280000001094e-04
3.916541140000001013e-04
1.572122888000002973e-03
1.676122867999997558e-03
9.940443399999981250e-04
6.671922279999988091e-04
9.274996799999993746e-04
1.120521319999998478e-03
1.835109614000002233e-03
3.481911694000001424e-03
2.889013108000001474e-03
2.693143259999999668e-03
2.232724972000000186e-03
3.999608653999999971e-03
2.469356814000000459e-03
6.591013673999985764e-03
4.027948171999997523e-03
7.692655573999979991e-03
9.762320405999974637e-03
5.498844663999980127e-03
7.402933229999984766e-03
8.970600179999982382e-03
9.407638737999983458e-03
8.652810605999977991e-03
1.319421699799997599e-02
9.932345115999979129e-03
1.291299741399998778e-02
1.286040625999998986e-02
2.301919375200000076e-02
1.943279587599999053e-02
1.869839416199999341e-02
2.509203489799997910e-02
1.672923454799998821e-02
3.530355980799997073e-02
2.670350603599999997e-02
2.399692963799999676e-02
3.231505622799998867e-02
3.918828478999999282e-02
3.312694818200000862e-02
3.390694129599998441e-02
3.626600269799998277e-02
4.640436078999995995e-02
5.162512453599998885e-02
4.690792212199995648e-02
4.225413759199996011e-02
4.617770852599995673e-02
4.920643985399993092e-02
4.187587880999993351e-02
6.516439173599995749e-02
6.174753302399997590e-02
5.423695376999992934e-02
5.785651339399996290e-02
5.931624683199995807e-02
7.075642526799996723e-02
6.988008612399997099e-02
6.269796467599994538e-02
6.448385509599992294e-02
7.086547388000005721e-02
7.681996782399994061e-02
8.241061987000004863e-02
7.214522405599994859e-02
7.985390632800003219e-02
7.079140923199989111e-02
6.482760534399993613e-02
7.782888135599995427e-02
7.474567807999997482e-02
7.662427815399998343e-02
7.190260687199991063e-02
6.324958615999995426e-02
5.877310489999990756e-02
6.516553924799994846e-02
6.583108103799989452e-02
7.393896767399996128e-02
6.468028213399992787e-02
6.592224333799991121e-02
6.666656967599990380e-02
7.153253121799996173e-02
6.918062453399996536e-02
4.850968051999994535e-02
5.204552613999992999e-02
4.805146511599996811e-02
5.976183317599995104e-02
4.228333281199998100e-02
5.092732705799993959e-02
5.104702683799992868e-02
4.550915484799997884e-02
4.541417379599994170e-02
5.277818615199996594e-02
4.381528806599994941e-02
4.371793054799994610e-02
4.640525941599995402e-02
3.347134692599999795e-02
3.545857777799999583e-02
3.783434413799999924e-02
3.666867705599997918e-02
3.965855999599996601e-02
2.958462329399999535e-02
2.555625980799998073e-02
2.808003184999999929e-02
2.954511314400000074e-02
2.364847815599998779e-02
2.196065300399999837e-02
2.124058484799998953e-02
2.077055980599998991e-02
1.645812593599999332e-02
1.847980023400000102e-02
2.437239482600001353e-02
2.237629569599998425e-02
2.233091434200000502e-02
1.573510066400000268e-02
1.466746535199999965e-02
1.521055598399999841e-02
1.353865436600000700e-02
1.303261402600000216e-02
1.373284007999999931e-02
1.198394825400000974e-02
1.124136379800000016e-02
5.582047352000000899e-03
1.201320989000000464e-02
6.140019589999998542e-03
8.954042731999997673e-03
9.470335724000000441e-03
8.477409515999999659e-03
5.899793555999999911e-03
8.254469716000002733e-03
5.184836065999999695e-03
5.460666702000000101e-03
5.514139623999999608e-03
6.086159114000001119e-03
7.286081247999997949e-03
1.282423260400000244e-02
5.905053987999999039e-03
8.518538214000000858e-03
2.771430647999997918e-03
3.904878348000000426e-03
3.523246326000001143e-03
3.232632171999999353e-03
3.522664847999999651e-03
4.568920782000000097e-03
4.810818305999998469e-03
3.944366778000000726e-03
2.113646502000000871e-03
2.110336408000000087e-03
2.738374939999999513e-04
1.939959410000000311e-03
1.313755020000000788e-03
1.415467478000000589e-03
1.688479360000000404e-03
1.270054726000000413e-03
1.599882462000000493e-03
1.126128792000000850e-03
1.855847104000000114e-03
1.510826532000000529e-03
4.386682459999999609e-04
2.277756031999999577e-03
1.626907819999999949e-04
5.861752079999999051e-04
2.682949399999999809e-05
5.023738440000000659e-04
5.184262919999999171e-04
3.972946000000000366e-05
6.099042819999997206e-04
2.187139999999999866e-05
2.329580540000000160e-04
2.347177599999999541e-05
6.243772579999999064e-04
1.658293600000000192e-05
1.933930622000000488e-03
6.432586340000000279e-04
2.545888000000000315e-05
9.874995919999999920e-04
1.957545600000000220e-05
9.100058580000000130e-04
4.192415059999999769e-04
5.702752960000000886e-04
4.560641039999999667e-04
2.167333000000000345e-05
2.258671800000000102e-05
1.239701400000000172e-05
9.978067999999999348e-06
4.270552079999998972e-04
9.503962540000000141e-04
1.610762199999999823e-05
5.022098000000000108e-06
5.925755399999999267e-04
