3.396588564000020270e-04
3.179916750000019634e-04
3.336052610000025910e-04
2.735057610000028185e-04
3.416191750000009643e-04
3.027342730000025738e-04
3.036328482000028245e-04
4.240986124000011297e-04
5.522579429999836635e-04
3.953430424000005969e-04
4.348911747999980107e-04
4.862882981999940794e-04
5.029025301999906321e-04
6.131623027999845172e-04
6.303155579999862763e-04
8.666878173999801585e-04
7.717703697999845442e-04
1.042864029399978663e-03
7.604609431999797284e-04
9.014076717999760114e-04
1.708192517599979240e-03
1.775495588599983405e-03
1.467412813999977418e-03
2.113314467199992053e-03
2.529107169799995735e-03
2.387261102199991856e-03
3.083050072199995922e-03
2.830340109399995339e-03
4.228142627399979897e-03
3.786133030199984126e-03
4.023995149799981276e-03
4.982101284999988083e-03
5.106349636599969398e-03
6.873493371400027536e-03
7.363225656200064924e-03
9.783649109200168170e-03
9.425698318000179723e-03
1.036213334660023196e-02
1.119885144540025065e-02
1.264661514700028341e-02
1.290402639620032502e-02
1.380555067580030437e-02
1.628082908160027528e-02
1.825610024680026852e-02
1.971037015200021239e-02
2.003171279600020338e-02
2.196942553780022872e-02
2.524509011580021098e-02
2.553435034440019666e-02
3.025544197799993201e-02
2.869614199880006142e-02
3.251561840439968348e-02
3.261206545239973137e-02
3.897911314819953871e-02
3.797818078459955227e-02
4.219600283079939784e-02
3.986471620119951681e-02
4.356906047819943117e-02
4.853930514599928692e-02
4.860559358599935570e-02
4.974826958999931797e-02
5.151881641099937542e-02
5.347822432679925214e-02
5.704884729999944171e-02
5.989081359199945748e-02
5.914945301379949394e-02
6.038254602939936017e-02
6.695340260919949160e-02
6.591215057699945090e-02
6.425295102919958978e-02
6.401614093119958881e-02
6.989079382819966824e-02
7.154733195759975517e-02
6.876209491479974567e-02
6.944104484379974573e-02
7.401086024179953649e-02
7.091452194539972498e-02
7.228144294939976844e-02
7.327094917819970687e-02
7.031859204879978287e-02
7.095718026219993702e-02
7.042579050959979492e-02
6.679873134519989653e-02
6.810730841059987883e-02
6.668073460939966113e-02
6.772061546899971196e-02
6.771156918479979969e-02
6.871059030599972750e-02
6.695842073019983576e-02
6.556366656859970166e-02
6.247696127239962816e-02
5.706250198799954487e-02
5.948890707679968526e-02
5.888666273039974697e-02
6.081995401559984332e-02
5.708470517279970458e-02
5.619518873339959808e-02
5.260803151239945574e-02
5.441109744959965466e-02
4.902767121079965734e-02
4.755314078579960663e-02
4.545140995099956893e-02
4.412857382459961508e-02
4.360752186339966752e-02
4.319919260339965400e-02
4.321150774599957084e-02
3.886538863459972071e-02
3.515004847219983797e-02
3.486534430879983937e-02
3.123031537639986768e-02
3.230733512819993630e-02
3.116246698879991325e-02
3.102119243519997627e-02
3.074952486539988400e-02
2.723409347600004235e-02
2.587529192520003629e-02
2.449344931200002698e-02
2.335652990760003767e-02
2.399845286040006714e-02
1.934619095220005414e-02
2.214751367220004624e-02
1.965654513780004317e-02
1.753168405380001529e-02
1.651235610920003330e-02
1.765104385700002818e-02
1.495996880860000697e-02
1.507730435399999742e-02
1.250539125979998993e-02
1.238266265119999758e-02
1.322992458079999024e-02
1.296489864580000449e-02
1.166629554779998780e-02
1.084200252459999354e-02
1.006451870219998365e-02
1.011091048520000937e-02
9.547815534199987492e-03
8.810683322799996511e-03
8.608689444999985743e-03
8.998951682399985302e-03
7.771775152599994137e-03
7.149160372199991204e-03
7.258568101000001729e-03
5.047717704999989119e-03
5.500529771999985301e-03
4.994247977199993069e-03
5.153241285199992340e-03
4.972297309199995990e-03
5.306162301399988852e-03
4.256496692999994433e-03
3.611739324799989083e-03
3.762320497399995311e-03
3.732524631599990709e-03
2.364927278599998715e-03
3.510730867799996893e-03
3.292742605999995388e-03
2.878337996799996620e-03
2.299045617999997959e-03
2.759117398399998488e-03
2.200353788400000177e-03
1.697888634000001631e-03
2.401842377999998442e-03
1.539292653800000080e-03
1.921076600399999976e-03
1.770786698799998223e-03
1.351042568000002282e-03
1.189422318000000556e-03
1.170104242999999182e-03
1.130036088199999232e-03
1.435030335599999513e-03
1.285285166599999581e-03
1.148483018800000458e-03
4.644233611999999179e-04
3.829248730000006672e-04
9.447871973999992252e-04
6.199443018000002324e-04
6.210208445999999783e-04
9.249162384000001727e-04
8.403987439999998591e-04
5.879212537999998264e-04
7.977395217999992596e-04
4.644093948000000294e-04
7.472123383999997818e-04
2.777290376000000958e-04
9.391307455999996440e-04
4.215281351999999654e-04
2.308400416000001430e-04
8.647352829999997844e-04
2.636158083999999113e-04
2.341897374000001010e-04
3.346050086000000243e-04
6.129944479999998425e-05
2.652924011999999057e-04
3.067948486000002099e-04
2.630253574000001216e-04
1.047664134000001650e-04
1.599174074000001087e-04
8.010658260000007129e-05
1.422807578000001051e-04
2.817102590000000609e-04
3.960462844000000736e-04
