4.984094880000006569e-04
7.186051679999992019e-04
4.984094880000006569e-04
7.379805139999991983e-04
1.268176848000000280e-03
4.984094880000006569e-04
6.151601279999993925e-04
1.197134527999998196e-03
6.135711680000000175e-04
1.160915168000000407e-03
1.252135168000000119e-03
1.572965807999997375e-03
4.984094880000006569e-04
9.144228679999999139e-04
4.984094880000006569e-04
1.403544867999996374e-03
3.517075088000008037e-03
1.174452354000000628e-03
2.172006259999999592e-03
1.518584147999998447e-03
9.636188999999970159e-04
2.719109820000004899e-03
2.968083913999999216e-03
3.004682848000001655e-03
4.270324922000012617e-03
3.080830708000009428e-03
3.067538454000007155e-03
3.345440380000010497e-03
3.560576374000007805e-03
6.733678240000006733e-03
5.426492594000008676e-03
6.164731988000006144e-03
7.215833102000010491e-03
7.721763100000007818e-03
8.661176374000007644e-03
1.153859286000000033e-02
1.452424801400000257e-02
1.494397225399999793e-02
1.389634731200000556e-02
1.899225716799997701e-02
1.872213239999995574e-02
2.194970735199995235e-02
2.541244563199995116e-02
3.174218659999993031e-02
2.456478798799992605e-02
1.916582616199996938e-02
2.931909118399992492e-02
2.797417558999991394e-02
3.779662544999992657e-02
3.755818204999995802e-02
3.337353360799993202e-02
4.034623324999995347e-02
3.397643535399991893e-02
4.776773872999993953e-02
4.164025325999995419e-02
4.976678563599994803e-02
5.021198665199995415e-02
4.910812248999998908e-02
4.740516596799994320e-02
5.623489013399996655e-02
5.653556763999995766e-02
6.501331176999994299e-02
5.737769332399995925e-02
6.153078214199994567e-02
6.903508724599996538e-02
7.622128524199998922e-02
6.154731966399994841e-02
6.373952393999994526e-02
6.500418545199990183e-02
6.695926901599995318e-02
6.752053449199994783e-02
7.239063125799988230e-02
8.548054096599998208e-02
7.793722860400001395e-02
8.449707954999997883e-02
8.455682483999993337e-02
7.299465266000000618e-02
7.098442489200000594e-02
6.731370712799994438e-02
7.637557076799990352e-02
8.310092047200003107e-02
8.121767991000006237e-02
7.576152679199997519e-02
7.349764708399993129e-02
6.969933468999997550e-02
6.724482461599998184e-02
6.297291087399992104e-02
6.069481024799992797e-02
6.498793126199990666e-02
6.915231094399995615e-02
6.457750614999999139e-02
6.331091238399993992e-02
6.047422870399993960e-02
5.604389847999993041e-02
7.253295461399990318e-02
5.715623036199996704e-02
5.304747446399997457e-02
6.320590515999988113e-02
5.256779668199996342e-02
4.678096743599993723e-02
4.308616577599996139e-02
4.684630938399995947e-02
4.636165414999993822e-02
4.475472919399994115e-02
3.754466110199995016e-02
4.516625583199992966e-02
3.390552482999998479e-02
4.015032501199999188e-02
3.109227236600000874e-02
3.513880834999996705e-02
3.290222199199997755e-02
3.033118963600001453e-02
2.929290529999999462e-02
2.144841484400000081e-02
2.750460950799996085e-02
2.291298808399998624e-02
3.068673663800000964e-02
2.396250485200001126e-02
2.236786851999999007e-02
1.703296566799998579e-02
2.227131832799999350e-02
1.938357994400000464e-02
1.904393791999999322e-02
1.710785632400000159e-02
1.278402226799999972e-02
7.903644525999996631e-03
1.532044647999999953e-02
1.342807176600000450e-02
1.048418749399999961e-02
9.118651528000003281e-03
1.199025607600000265e-02
8.395970009999999956e-03
1.349601421799999888e-02
9.629831815999991690e-03
1.283530052000000400e-02
1.178605802999999411e-02
6.174142625999995415e-03
6.070684516000001210e-03
8.015685529999996839e-03
7.441761483999995326e-03
4.102426156000000407e-03
7.021203071999997276e-03
6.299107531999997844e-03
8.819032578000001246e-03
4.851153332000000817e-03
2.309950718000000017e-03
7.018670330000000707e-03
3.968127232000000920e-03
3.051438230000002184e-03
5.446908632000001249e-03
3.718223831999998945e-03
7.315206327999998134e-03
3.265321263999999661e-03
3.180331972000000670e-03
3.295356192000000253e-03
3.722945752000000105e-03
4.195381357999999200e-03
5.003857365999999848e-03
2.215396685999999546e-03
2.856616703999999979e-03
9.780025779999998101e-04
2.317038472000000713e-03
1.066136781999999991e-03
1.085483348000000278e-03
1.055574694000000358e-03
3.373189229999999476e-03
8.566462579999996980e-04
8.366323060000003175e-04
3.731568840000000216e-04
2.194413896000000849e-03
2.284256499999999870e-03
4.106360600000000076e-05
9.496347320000002009e-04
1.417193012000000571e-03
6.390493700000001885e-04
9.913227199999998266e-05
7.495130820000001515e-04
4.682047399999998536e-05
2.564162900000000129e-04
4.292572600000000590e-05
9.901612399999997274e-04
6.532791519999999255e-04
2.654600639999998759e-04
1.698761400000000144e-05
2.177184199999999530e-05
2.799441200000000034e-05
1.079596360000000075e-04
2.662223519999999894e-04
6.751246539999999170e-04
3.949108400000000166e-05
2.010050600000000491e-05
1.073232764000000119e-03
7.629314000000001609e-06
3.236339000000000186e-05
1.889513760000000161e-04
3.509917000000000906e-05
1.384632200000000177e-05
1.569521600000000223e-05
1.056350599999999948e-05
2.352844400000000705e-05
