2.323085310000002626e-04
2.323085310000002626e-04
2.323085310000002626e-04
2.323085310000002626e-04
2.323085310000002626e-04
2.331030110000002482e-04
5.287902309999991963e-04
2.323085310000002626e-04
2.914910439999996122e-04
4.144198569999985450e-04
2.325406940000002013e-04
2.317128910000002548e-04
3.821387409999977636e-04
5.457643470000003629e-04
5.883915310000018472e-04
8.980918940000042925e-04
5.675299709999995831e-04
5.192438209999988494e-04
1.649335964000003124e-03
9.736150940000036849e-04
9.575245770000041616e-04
4.562848539999985365e-04
1.881742530000001185e-03
1.152912503999999581e-03
2.405053553999987256e-03
2.150423842999996463e-03
2.501605798999995134e-03
4.291032318999985461e-03
3.890697449999988480e-03
3.083972219999988641e-03
6.361357111999975042e-03
5.827379301999982032e-03
8.014953197999981002e-03
5.613993411999981288e-03
4.287159615999982382e-03
8.579223584999986357e-03
6.492847388999985377e-03
8.824352647999984117e-03
1.146723297999998996e-02
1.060342926199998523e-02
1.639358552399999489e-02
1.420741465499999155e-02
1.408440237799999176e-02
1.800046370399997417e-02
1.581388328499999663e-02
2.059208117699998578e-02
2.212068669199998214e-02
2.650620777499996042e-02
2.295720484099995906e-02
2.681469201399996199e-02
2.341805466599996763e-02
3.116514210699995388e-02
3.564535761400002001e-02
3.366971993399998225e-02
3.611983401200005023e-02
4.061572289300012517e-02
4.108181804800005443e-02
4.061596185900000905e-02
4.558895766200013466e-02
4.614890105600007869e-02
4.678962032400016402e-02
4.549587941500005811e-02
5.688003208000017019e-02
5.643423024800018478e-02
5.347000979500014795e-02
5.350855590600015615e-02
5.607228924900013733e-02
6.356808557400020487e-02
6.278731947100019140e-02
6.430397529700021542e-02
6.991276931000017791e-02
6.668682194500008542e-02
6.875552253200019337e-02
6.225835127300014676e-02
6.401883639900016187e-02
7.535662897800016191e-02
7.335633265300019190e-02
6.630129965800014846e-02
6.822549668700014780e-02
6.993693420200011723e-02
7.030949725400009731e-02
6.967632756600004862e-02
6.577578814200012169e-02
6.333200587500006917e-02
6.613463491000004524e-02
6.775291266200009210e-02
6.617127149500011407e-02
6.576316563800019277e-02
6.053747668699999140e-02
6.226216918600007560e-02
6.454963316900005910e-02
5.916337831499997313e-02
5.946499482800011310e-02
5.371986040499999310e-02
5.881610076399995668e-02
5.937594418100005517e-02
5.472433328900004612e-02
4.963629529799997581e-02
4.728607930700005901e-02
5.418767052799999817e-02
5.216307740700000528e-02
4.423428119199996483e-02
4.135712267000000303e-02
4.177834124199997223e-02
3.794266952699998363e-02
4.542690713499999283e-02
3.547438988799997417e-02
3.688277798799997204e-02
3.396999897599994878e-02
3.369769439499997743e-02
3.010835679299992892e-02
3.407052454699999872e-02
2.951794814299996128e-02
2.797277049699994564e-02
3.283742968299997733e-02
2.821730034799996983e-02
2.306791415499998346e-02
2.404765636799999218e-02
2.264176104799996841e-02
2.165778272299997975e-02
2.173801522199998379e-02
1.498303021199999183e-02
1.676210625799998827e-02
1.444746740899999389e-02
1.557439679699998934e-02
1.327794188199998664e-02
1.392872461499998667e-02
1.689324269699998132e-02
1.555712325899999415e-02
1.293880410899998952e-02
1.274460414699999863e-02
1.081057781599999677e-02
1.277869316599998875e-02
1.166919629300000073e-02
8.353486046999997888e-03
9.914285467999999976e-03
6.461419059999998389e-03
9.904410605999992151e-03
8.166715018999999229e-03
9.154639535999993527e-03
9.199306297999997051e-03
4.913397978999997293e-03
7.559860065999996978e-03
5.722544890999999891e-03
6.733931015999998493e-03
6.775255726999997521e-03
3.373804883000000587e-03
6.187813206000001252e-03
3.980140994999999994e-03
5.498198486000001675e-03
4.902974731999998857e-03
4.249820220000002230e-03
3.221724872999998709e-03
3.635040677999999865e-03
2.700199598999999256e-03
2.927246475999998633e-03
2.898806166000000070e-03
2.463153302999999700e-03
2.190579039999999197e-03
1.351566908000000284e-03
1.829725273999999917e-03
1.082974301999999663e-03
1.397231738000000167e-03
1.682142734000000289e-03
1.626000231999999998e-03
8.798669260000001845e-04
2.965615822000000623e-03
6.675891260000001550e-04
3.169336570000000136e-04
9.384803339999999664e-04
7.340928310000003568e-04
1.618782516000000140e-03
6.867188360000002446e-04
3.304725919999999145e-04
1.000629992000000214e-03
3.177545560000000083e-04
3.372707079999998558e-04
1.584867669999999982e-04
5.792060160000003398e-04
1.075170384999999838e-03
4.719639669999997622e-04
6.685949330000001776e-04
1.006664434000000431e-03
1.746554989999999719e-04
2.596916960000000287e-04
4.398915340000000146e-04
3.465064870000000657e-04
2.622659609999999789e-04
1.900414799999999781e-05
1.169360309999999559e-03
2.308263899999999616e-04
1.721951600000000049e-05
1.065479139999999883e-04
3.231976309999999206e-04
7.542014660000004398e-04
4.456792180000000367e-04
1.940906899999998857e-05
5.373883930000001360e-04
4.570463749999999800e-04
7.828446999999999690e-06
