3.155860189999991892e-04
3.155860189999991892e-04
4.660118689999975653e-04
3.163804989999991477e-04
3.155860189999991892e-04
7.273649820000006134e-04
4.307476989999972487e-04
6.793188589999982381e-04
9.130221889999999910e-04
3.163804989999991477e-04
6.451903189999973372e-04
4.672345319999962675e-04
4.927268689999950895e-04
4.265558389999961710e-04
1.314483019000013339e-03
9.326058749999999523e-04
1.768343699000014899e-03
2.526355432000010077e-03
1.156929312000006893e-03
1.944483185000008257e-03
1.517732342000010712e-03
2.858214569000005947e-03
2.649974492000006527e-03
3.174136705000008170e-03
3.292257699000006570e-03
2.956579279000004501e-03
3.265318292000007633e-03
3.507770869000005533e-03
4.279048995000008307e-03
6.084234478000004158e-03
8.870496672999984150e-03
7.177956755000002714e-03
8.421527953999993418e-03
6.003745660000005605e-03
8.537307424999971903e-03
1.009827993099997843e-02
1.108481172699993765e-02
1.172444600999994653e-02
1.465802630199991921e-02
1.227004222799992980e-02
1.647670033899991879e-02
2.090880593800000312e-02
1.766794238899997704e-02
2.068233783899996181e-02
2.673977699299999108e-02
2.329454187499999801e-02
2.740057990800000981e-02
2.897083331700001096e-02
2.977313960900003151e-02
3.023310864500000292e-02
3.147866637600001821e-02
3.463117960200002426e-02
3.790312075500015809e-02
4.488784347800014313e-02
4.190550324700007684e-02
4.556995453800018886e-02
4.801962095900013522e-02
5.109728590200015436e-02
5.092140441200012496e-02
5.930525993200022605e-02
6.017567915000016782e-02
5.890410918700014764e-02
5.907065168300017211e-02
5.950890564200012750e-02
6.239659322000017105e-02
6.928734850700020431e-02
6.058985269200013735e-02
6.753040673400015348e-02
6.575815076700018691e-02
7.165203695200011991e-02
7.118763803000012491e-02
7.883031508500008833e-02
6.739192303600016754e-02
7.557124203800014151e-02
7.009954984600010042e-02
6.854639162900010019e-02
7.218986738600005615e-02
7.238714103799995248e-02
7.747055916700013034e-02
7.005354097600002827e-02
7.057961318300001730e-02
7.453816469400008360e-02
7.463201192000014361e-02
7.079131620699999350e-02
6.702189162700000757e-02
7.394907357700003514e-02
6.804663190399999617e-02
7.159664255300002278e-02
6.584754436399996302e-02
6.318528790999998479e-02
6.314166349800001687e-02
6.277019764199995300e-02
5.918178302199995910e-02
6.280616801299993002e-02
5.753096197199996514e-02
5.082643489099992334e-02
5.281504367299993258e-02
5.012255570899989965e-02
5.031226844699990958e-02
4.493210888499995365e-02
4.319630305799995046e-02
5.079644915199994781e-02
4.813019596799993777e-02
4.321639954599995614e-02
4.491685709899993773e-02
3.924037658499994474e-02
4.090244506999989732e-02
3.596867501199990658e-02
3.283144516299994764e-02
3.272071183799992594e-02
3.772244175299989399e-02
3.006680480599994293e-02
2.629414469499995882e-02
2.624413973199991867e-02
3.186295171699993906e-02
2.153742899799999250e-02
2.278725134399998270e-02
2.485590310899995006e-02
1.987634162699997153e-02
2.028368237799998280e-02
1.633919569700000712e-02
2.254710877099996846e-02
1.757592064299998841e-02
1.937784810599997923e-02
1.599907253300000137e-02
1.170737996900000563e-02
1.281879147099999720e-02
1.267291457600001198e-02
1.296849757800000100e-02
1.445774334100000287e-02
1.132908009600000314e-02
1.300782099500000233e-02
1.399487522500001031e-02
7.409140536999999846e-03
9.184523343000008597e-03
7.075298583000000537e-03
7.591978798000008181e-03
9.170707640000004546e-03
1.024155206800000419e-02
8.919066326000002834e-03
6.231602432000001891e-03
5.451841979999999359e-03
8.144747850999998692e-03
7.481504121000002484e-03
3.966917121000000310e-03
6.667260317999996501e-03
5.326916537999999701e-03
3.404863165000001236e-03
4.489987484000000639e-03
2.493204199000001106e-03
5.183553850000002274e-03
3.144036977999999788e-03
3.692150703999997566e-03
3.513975989000000296e-03
1.991523587999998769e-03
4.061339882999998388e-03
1.988745894999999989e-03
5.871591920000008256e-04
2.160602520999998968e-03
1.706102896999998507e-03
1.544616608000000347e-03
4.159478058000001810e-03
2.326096942000000292e-03
1.149529315000000955e-03
3.458138730000000802e-04
1.030184581000000675e-03
8.515649550000004876e-04
1.001900330999999991e-03
4.734542920000001315e-04
1.981253927000000293e-03
9.089930550000000810e-04
1.775616731000000158e-03
9.064230729999999845e-04
9.067753650000002401e-04
1.002693680999999911e-03
1.656023912000000433e-03
1.734422009999999964e-03
3.388819219999999717e-04
8.437806429999999535e-04
1.093536883000000145e-03
2.413599230000000703e-04
2.876927419999998907e-04
4.699324899999999660e-05
2.281989500000000456e-05
4.608037680000000476e-04
5.148110200000000975e-05
2.503558229999999752e-04
7.639007699999999601e-05
1.293580269999999367e-04
1.634126200000000163e-05
7.469682330000003510e-04
8.917884199999994810e-05
2.773978710000001252e-04
1.365825600000000234e-05
3.646052200000000118e-05
3.097577300000000874e-05
1.735118199999999484e-05
3.019795799999999626e-05
5.270096200000000522e-05
1.887653900000000809e-05
