2.484308269999931768e-04
3.488470304999826961e-04
3.826877597999866977e-04
3.560764375999863414e-04
4.587414075999817929e-04
3.155800591999887534e-04
3.599346235999863327e-04
5.522956494999860851e-04
4.908279228999826681e-04
5.727262954999873994e-04
6.672982548999910682e-04
9.393060985000109856e-04
8.285624612999922638e-04
7.911263750999905251e-04
1.081024788600013073e-03
1.082587956300027970e-03
1.194686272100030150e-03
1.557930808800061986e-03
1.428048423500050037e-03
1.701296458300052133e-03
2.043493967600043450e-03
2.046940163300041589e-03
2.530205110000027097e-03
2.381513609000034896e-03
3.328966053000033225e-03
3.403230882200046666e-03
3.565877222500055989e-03
3.913072933200073718e-03
4.296889910400080760e-03
4.594229024800081281e-03
5.682078754600123835e-03
5.945344148400128099e-03
6.796969324300073702e-03
7.109573582300084994e-03
8.283464848300010896e-03
9.001036167999980700e-03
1.100686697979993967e-02
1.086874197719995237e-02
1.150521581799993434e-02
1.321382875699989891e-02
1.391989289319986445e-02
1.605517634319977155e-02
1.627448547909976506e-02
1.666320313549978296e-02
2.000276576439980955e-02
2.133639940309980249e-02
2.223473357979974252e-02
2.339835963239973032e-02
2.385725603449976792e-02
2.479429845129977814e-02
2.741240402149987265e-02
2.968965500089986581e-02
2.925252680069983721e-02
3.203200304699987261e-02
3.580988819529995482e-02
3.464419977179997862e-02
3.649021520770014126e-02
3.815028004250003990e-02
3.708570803049997255e-02
4.043558288090010056e-02
4.074343628480018437e-02
4.327603112090024073e-02
4.318279991170024396e-02
4.603914598910011785e-02
4.613977506950034391e-02
4.746646886860030057e-02
4.826992047150022863e-02
4.751331253330028093e-02
4.672612656960022093e-02
5.087984640720034923e-02
5.066022029290034867e-02
4.916372027250021093e-02
5.059383233950039138e-02
5.216901493950022034e-02
5.135134775050041733e-02
4.973836904670045356e-02
5.134748105150034603e-02
5.034862291620040287e-02
5.224598091500028130e-02
5.027845412050053336e-02
5.040053689490038569e-02
4.929476421800031705e-02
4.835414757850040740e-02
4.800961065870033850e-02
4.733857688020015608e-02
4.535355309320025091e-02
4.325877130180035002e-02
4.559656261480025952e-02
4.248121691470025524e-02
4.163817676380022342e-02
4.207418197830030404e-02
4.024050427440024891e-02
3.883132050870014007e-02
3.763091927920021729e-02
3.621247135920006854e-02
3.585473661080013086e-02
3.461671997000017459e-02
3.309789084440008244e-02
3.182460474799995304e-02
3.169361255419992501e-02
2.906807858899986691e-02
2.936236022129997542e-02
2.806839411739993004e-02
2.828957585649986839e-02
2.457296122039983460e-02
2.411602755009976604e-02
2.539095670929985074e-02
2.258831470909979794e-02
2.252804975369985738e-02
2.224121845679984805e-02
2.015547643389984864e-02
1.915096351009982004e-02
1.938486893729982757e-02
1.757680863289987072e-02
1.670532286129982821e-02
1.645077690179985383e-02
1.598498520509988863e-02
1.404016291709992044e-02
1.281447547999992227e-02
1.292816844689992535e-02
1.257559518229992880e-02
1.252773670449994735e-02
1.089957231439991209e-02
1.019791426969993836e-02
1.053699639599993236e-02
9.084303369999931904e-03
9.569160993999924203e-03
8.063735239899940885e-03
8.158094232699929921e-03
8.152335007799951794e-03
6.946132028999968053e-03
6.627432227199965380e-03
6.331435911399981367e-03
6.741981746299969928e-03
5.385820535699979532e-03
6.158051507799982074e-03
5.398085629899981516e-03
4.532324487100000861e-03
4.830284089799998827e-03
4.536553429499987251e-03
4.187177575499996876e-03
3.913161759099998208e-03
3.650249580399998403e-03
3.856683477199997906e-03
3.287105326900002095e-03
2.894696350400002838e-03
2.631936746400002219e-03
2.556212698599999011e-03
2.786647890900011484e-03
2.197850534000002094e-03
2.555149173700004515e-03
1.795019972499999061e-03
1.992744934699999977e-03
1.785304915199999263e-03
1.727247972799998872e-03
1.784789524400002105e-03
1.991718710399996602e-03
1.563641485600001779e-03
1.036219479499999067e-03
1.186348584299998189e-03
1.151165071999999496e-03
1.223575233699998772e-03
9.754388450999995500e-04
1.121695565899997245e-03
1.113712919199999528e-03
9.699238463999993809e-04
7.443374896000010295e-04
5.574136103000008413e-04
8.055455338000003631e-04
5.535908454000000763e-04
3.741574529000000712e-04
3.473256280999996904e-04
4.089175639999994964e-04
5.652145893000009138e-04
4.280696848000003401e-04
4.155925321999997288e-04
5.560037698999999905e-04
3.963520874999994226e-04
3.874325310999998618e-04
3.056327085999996579e-04
3.677186373000001585e-04
2.980030257999999126e-04
1.836098477999999863e-04
3.155395038999998401e-04
2.688029187999999015e-04
1.490297336000000953e-04
1.414949072000000290e-04
3.104871154000000727e-04
3.198577718000002092e-04
2.322404993999999361e-04
2.203751106000000819e-04
6.737786799999998975e-05
1.419113900000000040e-04
1.150237548999999865e-04
1.406239892999999784e-04
1.287264390000000488e-04
7.372303699999988136e-06
4.505690619999997137e-05
1.368729084000000918e-04
8.351466170000003701e-05
