2.626381023999941797e-04
3.949870270999900220e-04
3.812671390999901192e-04
3.824540374999898292e-04
4.355677974999901309e-04
5.647593066999922985e-04
4.977765997999915879e-04
5.437671560999932964e-04
6.955015632999957944e-04
8.272492134000032421e-04
1.007344049800011198e-03
1.163928597900017311e-03
1.530945542300026852e-03
1.439460215300021346e-03
1.481016990300020736e-03
1.534423390600023066e-03
1.870168779300007298e-03
1.953086360200004951e-03
2.183917616500004755e-03
2.029122976300008676e-03
2.420143993499984138e-03
3.083294724299969706e-03
3.156078847199976500e-03
3.351667367099970228e-03
4.177325708100008278e-03
4.511597472700019755e-03
5.030443465200033770e-03
5.228117325700039862e-03
5.764097881700052523e-03
6.965680534000037900e-03
7.199423560300013784e-03
8.037180497599974785e-03
8.803342991599951914e-03
9.310894270199940662e-03
1.015609604439994887e-02
1.115613923789995042e-02
1.230414113159990219e-02
1.329983151859991976e-02
1.504958317669989956e-02
1.559444520239994768e-02
1.616754314369989176e-02
1.851942725449991223e-02
1.797900118329990096e-02
1.949966460059988221e-02
2.069294421759979366e-02
2.253896471359987178e-02
2.329768075839988226e-02
2.472761153459985400e-02
2.668027390099990057e-02
2.851098948649993109e-02
3.008987908379987669e-02
3.214394406819992556e-02
3.306170605449990779e-02
3.435300408779996817e-02
3.574526353789995309e-02
3.803660333349995898e-02
3.741871072499993595e-02
3.903997263820000591e-02
4.274217141360010797e-02
4.183480103669998118e-02
4.252560325519991191e-02
4.387971656820004174e-02
4.440195997540011957e-02
4.633851279560022990e-02
4.658257346810006777e-02
4.581536038730008031e-02
4.835215423910015076e-02
4.640369295480021444e-02
4.887820214630016896e-02
4.973403423750006463e-02
4.988444549210019341e-02
4.958870985740028436e-02
5.027536646220020361e-02
5.083394247440033153e-02
4.847033207360011697e-02
4.821266497030021053e-02
5.005729241150017744e-02
4.921916026400036115e-02
4.696443863170013389e-02
4.916653918410024415e-02
4.974605365960022701e-02
4.648616743010026975e-02
4.688632990380020571e-02
4.499343772080024312e-02
4.453011701430026337e-02
4.311303134150034494e-02
4.089669214500014915e-02
3.921395081330013299e-02
3.959774787120024647e-02
3.690387216690006744e-02
3.820487719320017628e-02
3.791025888270010274e-02
3.501503416690012610e-02
3.574230059870014270e-02
3.394623978710002710e-02
3.200895318629993352e-02
3.379486886299996190e-02
2.930190127170001144e-02
2.855323972939997901e-02
2.774110370749994711e-02
2.632648379389984292e-02
2.608570769859983735e-02
2.508784856279988942e-02
2.458793030459981502e-02
2.403933678959985915e-02
2.268575697519988055e-02
2.167792335299986717e-02
2.120459514489983835e-02
2.000619112469987498e-02
1.923918846919988462e-02
1.692808589309988468e-02
1.717734257719986946e-02
1.596873665919990373e-02
1.526827418819987590e-02
1.404389900039988356e-02
1.354910731619989733e-02
1.351664999289990329e-02
1.212216922249990600e-02
1.248537400899991587e-02
1.153019180539991556e-02
9.185625205199951862e-03
1.002054562629991347e-02
9.429410033599903290e-03
9.348555391899939296e-03
8.556389646399929425e-03
8.891714733599922343e-03
7.289387329099966499e-03
7.592647599199972737e-03
6.814896571099984986e-03
5.933842236599992138e-03
6.776459268599989774e-03
5.350221933199989129e-03
5.520739799899996268e-03
5.399126092499998732e-03
4.988733838799989072e-03
5.100701411099994344e-03
3.703177446200004233e-03
3.776423385399991107e-03
3.559146655600001381e-03
3.951486573200001066e-03
3.354643340500005830e-03
3.469374139399997083e-03
3.140513719000002056e-03
3.044451737600001144e-03
2.667039760100003726e-03
2.577261673200003517e-03
2.426640484400002622e-03
2.047985807500003058e-03
2.119558450399999100e-03
1.894104048599998778e-03
1.749955674599999863e-03
1.903956403599999176e-03
1.958255523800002396e-03
1.668629228199998860e-03
1.308436771200000839e-03
1.550756560899999329e-03
1.074707087699999872e-03
1.250308100999999268e-03
1.202166180699999407e-03
1.022463083900000593e-03
1.355519508999999609e-03
6.523181320000003783e-04
6.181978871000003541e-04
8.076075249999995365e-04
7.536068130000002016e-04
4.909118778999999998e-04
7.218848353000010447e-04
6.879780582000005968e-04
5.778330312000006267e-04
6.607013500000006364e-04
4.977635160000002399e-04
5.116203187000000494e-04
3.655350084000000450e-04
2.675439465999999598e-04
5.408500589000004915e-04
3.663140103000002900e-04
4.383323798000003050e-04
2.319037787000000626e-04
1.943246841000000687e-04
4.702575155999999990e-04
2.267218081000000154e-04
1.447186939000000738e-04
1.572047609000000522e-04
1.816779194000000500e-04
2.113418987000001957e-04
1.993386541000001511e-04
1.164017749000000144e-04
1.252856646000000780e-04
4.619985299999998242e-05
1.908664642000001738e-04
3.266480566000000982e-04
9.256780230000001889e-05
6.224115129999996995e-05
4.046916029999998726e-05
1.705207459999999876e-04
8.355666800000001177e-05
9.919149090000007219e-05
1.284859315000000596e-04
6.185771749999999345e-05
6.584771670000002857e-05
