3.454462660000075420e-05
3.666255915000103563e-05
3.604019190000073942e-05
3.866079700000076507e-05
3.896084135000108846e-05
4.383367310000129210e-05
3.805341700000091862e-05
4.490911060000135223e-05
4.516208290000112591e-05
4.630349935000139860e-05
5.407427310000051098e-05
4.921888065000154641e-05
4.793112615000110903e-05
4.639671690000123062e-05
5.128249615000097459e-05
5.443787270000118652e-05
5.500932530000095396e-05
5.421141735000112267e-05
5.802584694999975818e-05
7.786576861699799753e-05
8.173392856699949452e-05
6.039033728400000791e-05
6.979394959999924754e-05
6.810533344999959932e-05
7.663334234999913516e-05
7.712398674999849664e-05
9.094771294999715711e-05
9.065560903399888385e-05
9.214620781699793951e-05
7.954265641699888670e-05
1.182968595000005979e-04
1.708670697670039711e-04
9.408093563399758618e-05
1.496195666670031214e-04
1.086892813669987129e-04
2.223701585510066340e-04
1.509027511670021481e-04
1.661229257170045094e-04
1.908628671840033471e-04
2.046664540010060824e-04
1.713824994690039776e-04
2.585418448350063048e-04
2.547428246680056717e-04
2.357743833350043738e-04
3.232411133020068189e-04
3.444576836190056950e-04
3.121674423010055758e-04
3.330559986030049899e-04
4.844844000679980763e-04
6.335903162539851955e-04
5.176139937529991531e-04
7.203727106369864786e-04
7.380412053019793457e-04
5.914883467379887299e-04
9.624971708859828652e-04
8.535815114209873312e-04
1.096918732088985465e-03
9.731648356869877043e-04
1.048182899771984283e-03
1.011293312255985739e-03
1.325395046253987231e-03
1.270383602238984739e-03
1.328180267187989384e-03
1.661807717505990991e-03
1.497406717354989166e-03
1.542597184456992150e-03
1.755464744453000096e-03
1.411927906603990986e-03
1.864186656607006711e-03
1.668307767122995285e-03
1.758104156339997072e-03
2.059011633087007645e-03
1.907551406887006244e-03
2.129678813139007816e-03
2.080110463555008213e-03
2.169230029722009866e-03
2.226071261773005221e-03
2.077215691757008324e-03
2.393488519540010011e-03
2.174892867623009780e-03
2.517415911839013427e-03
2.320815085606010072e-03
2.476743039623012337e-03
2.512608043524016798e-03
2.299892051470009673e-03
2.487616435987007133e-03
2.446283442223005228e-03
2.607319413221006327e-03
2.241474779973006998e-03
2.340164037720003382e-03
2.013621254286003439e-03
2.099223184954006425e-03
2.509421474837006481e-03
2.028773416636005852e-03
2.375506429602003595e-03
1.930543470004000188e-03
1.842861908670002415e-03
2.174168120887001125e-03
1.885241725654001471e-03
1.822961619835999914e-03
1.641046719635999617e-03
1.788157665336001425e-03
1.966075626137000609e-03
1.912256239185000997e-03
1.698931640218001972e-03
1.727523009452999487e-03
1.759023394001003014e-03
1.584668193618000986e-03
1.413431381602000365e-03
1.371222052687999645e-03
1.489322621284998880e-03
1.435813811802000382e-03
1.372503994901997986e-03
1.181878253802000171e-03
1.353259671751001064e-03
1.306875220868999833e-03
9.401104405349991824e-04
9.549377622019987770e-04
8.295104828179988973e-04
1.093713212751000908e-03
9.431243533019991387e-04
7.799486089009983417e-04
7.517838599680001397e-04
8.504238843339983903e-04
7.611353297669987790e-04
8.856269654170000668e-04
7.428674139679997731e-04
5.811350001009990551e-04
6.994931050679989307e-04
5.543323691349993053e-04
6.649224223179994470e-04
5.940951036009993035e-04
4.465059104009997944e-04
6.714804193009998607e-04
3.999484457339997994e-04
4.907718347340000011e-04
4.531556116339996399e-04
3.747354783999999085e-04
4.058977075519997987e-04
3.972197100340001076e-04
3.405979149499999245e-04
3.843301647000000047e-04
3.168766081509998890e-04
3.432202697009997978e-04
3.078558941000000913e-04
2.250318591340000199e-04
3.111873846999999786e-04
1.973142593670001012e-04
2.210907788669999336e-04
2.152872189000000556e-04
1.190533379669999941e-04
1.297499768670000182e-04
2.040993517000000814e-04
7.729529886700003418e-05
1.692412563999999607e-04
9.497129170000000664e-05
1.953151901999999787e-04
1.926065694000000017e-04
9.546117040000004516e-05
1.179259990669999803e-04
1.500614075670000046e-04
8.743329133400000290e-05
1.335997363000000077e-04
5.493753130000000683e-05
1.014948890999999910e-04
1.061310652999999764e-04
3.269006419999999867e-05
5.826476209999999922e-05
8.659447999999998410e-05
7.286224229999999134e-05
3.560668409999999352e-05
9.061026999999999330e-05
1.802471209999999814e-05
6.000725499999999405e-05
3.147088010000000075e-05
3.859398799999999726e-05
3.860579410000000418e-05
2.419940199999999277e-05
4.394505610000000510e-05
3.823884799999999510e-05
4.060117809999999822e-05
4.349960566999999644e-06
1.869308899999999886e-05
2.535646620000000045e-05
4.942256199999999608e-06
5.351945000000000137e-06
6.521009309999999332e-05
5.457766099999999922e-06
3.180910000000000602e-06
6.424876999999999676e-06
2.466648299999999854e-05
1.620634709999999441e-05
1.469898799999999819e-05
3.615199999999999709e-07
2.006680999999999730e-07
3.090669499999999484e-07
3.138849999999999814e-07
6.358769600000001028e-05
1.968199600000000135e-05
1.586177809999999924e-05
