5.461924620000021294e-05
6.319176429999972557e-05
8.195147464999900792e-05
1.030979325999992663e-04
9.195948729999887375e-05
1.305660973000000982e-04
9.415863074999902675e-05
1.256576564999991859e-04
1.072438034999990692e-04
1.218276925999997292e-04
1.098045586999986807e-04
1.440738980000001127e-04
1.364420464500008476e-04
1.618438085000014877e-04
1.937968507000023164e-04
1.917994975500008855e-04
1.493888304000009050e-04
1.942880745000019865e-04
1.942163807000018357e-04
1.890004664500016026e-04
3.166101950000051223e-04
2.637516637500053195e-04
3.246899609000048772e-04
3.046342103000053534e-04
2.848921947840046495e-04
3.331133699170044787e-04
3.477066851170051553e-04
3.834084948500050610e-04
2.914814431000053194e-04
4.177211579670044072e-04
3.685862260670046998e-04
4.117729583170030372e-04
5.697173879499973972e-04
4.556778935669999965e-04
5.939016463669945190e-04
7.178731312839889455e-04
5.192049459670005848e-04
5.902848288009928442e-04
7.467119239839909361e-04
6.753252175509932278e-04
8.569513419509886855e-04
8.844259663339910059e-04
8.953367146849865871e-04
9.198956394669864168e-04
9.988370828019866535e-04
1.013483656918986358e-03
1.117892413967988682e-03
1.145827748668987352e-03
1.186865707200988797e-03
1.365335938033985412e-03
1.355527385534987216e-03
1.541290688867988975e-03
1.558571805235988263e-03
1.853134399786007021e-03
1.762806982784994453e-03
1.794609048950993394e-03
2.070450676935007336e-03
2.033351835967004903e-03
2.186642496221003016e-03
2.340896212321010462e-03
2.166841262752008165e-03
2.104811506319007822e-03
2.663667208419017926e-03
2.125473882652007592e-03
2.430413070771013807e-03
2.801010128470019390e-03
2.542158193652010751e-03
2.831420310819016215e-03
3.058855147788023220e-03
2.351771828053007135e-03
2.674966351420008086e-03
2.794415166288017824e-03
2.837804386954013731e-03
2.721099523370021193e-03
2.845299980918013401e-03
2.923935095253018049e-03
2.893690407570009403e-03
2.649393975037011521e-03
2.965981001553013273e-03
3.451565350353011548e-03
2.871872161036010621e-03
2.876604773319010010e-03
3.001898851886014661e-03
2.825709649170013351e-03
2.684338897403013100e-03
2.827368188287009056e-03
2.311975408386005536e-03
2.609169750819001314e-03
2.485074428237004762e-03
2.659375445886008518e-03
2.557689537968011861e-03
2.708371442485006751e-03
2.449250570336006759e-03
2.521589673437010012e-03
2.263909087837006479e-03
2.112092005835004230e-03
1.974327396586997296e-03
2.036686431585001469e-03
2.004179043585002824e-03
1.819544304851995840e-03
1.929281505367996937e-03
1.793005027068000261e-03
1.649540360318996332e-03
1.689156308702996576e-03
1.805000804400998466e-03
1.577361102967998275e-03
1.532548351617998936e-03
1.365776144533998020e-03
1.688365650150999275e-03
1.394389586216998340e-03
1.382825411200998018e-03
1.126827169666999150e-03
1.372624001616998875e-03
1.099184111533999713e-03
1.200718309549998622e-03
8.155393277509991913e-04
8.601314960339992302e-04
8.538101893999994673e-04
9.226467802339991019e-04
8.149290557840001845e-04
7.109704991839999131e-04
8.030635899339999984e-04
6.814417375999999279e-04
7.856944576340003320e-04
6.036703513999996462e-04
7.412491161340000172e-04
6.634064481000000960e-04
6.284205874669999362e-04
4.569476546009999525e-04
5.328732514000003237e-04
4.845606262169999492e-04
4.389230352339999340e-04
4.595959941670003848e-04
3.883706618670001954e-04
3.410966801000001221e-04
5.406755023670000056e-04
3.704761574000000517e-04
3.170888912999999892e-04
2.094727470670000211e-04
2.604486394000000526e-04
2.684106459670000102e-04
2.561234834000000694e-04
2.618872383499999288e-04
1.274336600669999570e-04
2.056031939000000361e-04
2.381725774999999515e-04
1.885833461999999626e-04
2.374668804000000066e-04
1.383641129999999876e-04
1.688010452999999967e-04
1.095511116669999557e-04
1.770953669999999406e-04
1.420907341999998858e-04
1.010246217339999910e-04
1.338631711999999660e-04
1.079351680999999868e-04
1.278484377999999607e-04
1.262619772000000257e-04
4.949789020000000853e-05
9.754854499999995865e-05
9.563081049999997763e-05
4.049515709999998523e-05
7.718693600000000308e-05
5.336150969999999981e-05
3.965952030000000495e-05
7.236469029999998239e-05
5.610488450000002006e-05
7.399172209999999679e-05
4.361126370000000039e-05
8.035171110000001373e-05
4.017756639999999976e-05
1.932040499999999243e-05
3.461315899999999025e-05
2.879385770000000256e-05
3.002684899999999926e-05
2.798806999999999849e-05
6.223213000000001398e-06
1.104843170000000018e-05
1.632444409999999770e-05
5.048822020000000012e-05
3.604656346700000117e-05
8.257541000000002328e-06
9.388865699999997984e-06
2.458662699999999990e-05
3.402900700000000486e-06
5.006085000000000030e-06
3.773013700000000274e-06
2.199194200000000358e-05
4.461852199999999828e-06
1.855895299999999986e-06
3.088113700000000614e-05
2.084300299999999835e-05
2.552741000000000213e-06
2.508850100000000067e-06
1.558339609999999788e-05
5.063635999999999405e-06
2.191759100000000040e-05
1.020060999999999965e-06
2.112113999999999612e-06
4.340245000000002691e-06
