7.222917899999995676e-04
7.384637899999978942e-04
1.585781789999999745e-03
1.297407355999999215e-03
1.388842581999997616e-03
6.231991360000001690e-04
1.020473469999997728e-03
7.948494899999992676e-04
2.881956870000014059e-03
2.931273096000011624e-03
3.245963216000010993e-03
3.009649470000015127e-03
1.732535189999999349e-03
4.145100950000005398e-03
2.530630050000010501e-03
4.220178176000008614e-03
5.165128370000006928e-03
5.916357850000009307e-03
6.975182510000005678e-03
6.517072282000013241e-03
6.711034596000003093e-03
8.337798152000005028e-03
1.001607592200000167e-02
7.447795046000008599e-03
1.078772304800000234e-02
1.371008973600000048e-02
1.554649892600000298e-02
1.313816389800000206e-02
1.647674170400000027e-02
2.103684459999995843e-02
1.988817839599996487e-02
2.537541747999995378e-02
2.501838304399995119e-02
1.641003443800000475e-02
2.132474356199996410e-02
3.271439521999995603e-02
2.990269763999997554e-02
3.301208873399995303e-02
3.581626382199994824e-02
4.287480651399994819e-02
4.333384566399997584e-02
4.704912627199996783e-02
4.808727384799997562e-02
4.786973812199993294e-02
4.162323317599997408e-02
4.524765372799994384e-02
4.816871930200000013e-02
6.247129827399992841e-02
6.233018360799993246e-02
6.302320226399991954e-02
6.388540261399992815e-02
6.512963931399992634e-02
6.268533263599994354e-02
7.629358013599997490e-02
6.982343862399996437e-02
7.496753759199994982e-02
8.037341568599995489e-02
8.013048783999997260e-02
7.585371697399992397e-02
9.237622412000011385e-02
8.483880529600001941e-02
6.554237904399995429e-02
7.663969274999994641e-02
7.466902305399999995e-02
7.602315851000003566e-02
7.541228808799996242e-02
7.295178170399997664e-02
7.733423403199993218e-02
8.571146466199999758e-02
7.639229058399997496e-02
7.923264467999992233e-02
8.233356067199990025e-02
7.746038651999997970e-02
7.373723107799998178e-02
6.480635001599990841e-02
6.380274724399989661e-02
6.500353047999996026e-02
6.759182396599995590e-02
6.708017413999997625e-02
6.530449125399986898e-02
6.463576486999991766e-02
6.932657682199991345e-02
4.937431034999990170e-02
6.046635913599993778e-02
7.220918075199997399e-02
5.160271136599991343e-02
4.585445772799996017e-02
5.564254442399993450e-02
4.792925475999994939e-02
5.292577005599999329e-02
3.941757209999999234e-02
3.838341448999996186e-02
4.259660176199998871e-02
4.624696777399997516e-02
3.554330846599997734e-02
3.549344702400000773e-02
4.002358862599994516e-02
3.913589208999997127e-02
4.046150922199998751e-02
3.159007378400000010e-02
2.428387539199999487e-02
3.202581361399998300e-02
2.713862507599999058e-02
3.280790091200000425e-02
2.155570000999999791e-02
2.571481052200001033e-02
2.224137861999999494e-02
2.870611644199999590e-02
2.643749295399999352e-02
2.266595802799998768e-02
2.165983190799999902e-02
2.002028297199999127e-02
2.076283078600000068e-02
1.761308218800000311e-02
1.621839499600000525e-02
1.660512073400000066e-02
1.530107173600000342e-02
1.484404126399999947e-02
8.942101162000006334e-03
1.441710729000000163e-02
1.122773012800000123e-02
1.167998649000000048e-02
7.988033949999999092e-03
9.758127758000008367e-03
6.513351605999999003e-03
8.659953724000000325e-03
9.681392872000002189e-03
3.795360154000001346e-03
2.528151639999999794e-03
9.509181001999999355e-03
7.677233929999994870e-03
5.814202138000000401e-03
4.147588374000000903e-03
5.531720743999994812e-03
6.916957380000000703e-03
3.725420776000000055e-03
3.604039162000000941e-03
1.390475876000000360e-03
1.831462958000000573e-03
2.974807086000000409e-03
2.430573831999999820e-03
2.719445230000001271e-03
6.561372519999998133e-03
3.516023581999999908e-03
2.894233362000000684e-03
2.316956709999999555e-03
6.067379790000001528e-03
1.164117316000000141e-03
3.263416991999999826e-03
3.248104368000001921e-03
1.719723078000000597e-03
2.212243657999999995e-03
2.218129196000000625e-03
1.198062824000000132e-03
5.080061000000000082e-04
2.385396108000000133e-03
8.060947080000000278e-04
1.244244314000000299e-03
1.519207204000000118e-03
8.036937680000000393e-04
6.189371140000004797e-04
1.447074264000000046e-03
5.549767420000000645e-04
4.890535720000001351e-04
1.102275644000000245e-03
2.657563211999999526e-03
3.028046859999999657e-04
2.747815040000000514e-03
3.829865660000000512e-04
4.870185579999999166e-04
9.648320279999999909e-04
3.800677199999999336e-05
3.315651399999999837e-05
6.060560180000000357e-04
6.853713939999999923e-04
2.877688800000000616e-05
6.269558399999997913e-05
2.335620400000000614e-05
9.513112000000001627e-06
4.093839600000000336e-05
3.178372399999999758e-05
2.594883000000000004e-05
9.869114000000000052e-06
3.340738599999999633e-05
2.439794739999999928e-04
2.604143199999999858e-05
1.221769599999999897e-05
7.114214000000000391e-06
2.152400820000000036e-04
3.082346200000000335e-05
5.058494799999999536e-05
1.080130103999999910e-03
1.872201000000000204e-05
3.155307000000000587e-05
4.147890200000000580e-05
1.682512400000000158e-05
5.420535999999999833e-05
1.987276200000000331e-05
1.742507999999999885e-05
7.225325600000000799e-05
