7.732178539999978685e-04
4.735574340000001559e-04
4.735574340000001559e-04
4.735574340000001559e-04
1.246761434000000527e-03
7.656691339999974763e-04
1.425714833999996685e-03
1.642466300000002466e-03
1.466794534000000899e-03
1.522437020000003355e-03
7.647101539999989935e-04
2.864769794000000813e-03
9.024519939999985996e-04
4.095065300000000699e-03
2.936767200000002520e-03
3.723431186000001128e-03
4.247395779999997047e-03
5.121526053999988885e-03
4.152817205999999664e-03
5.461162965999982570e-03
7.568068419999976482e-03
7.687798119999980466e-03
6.228671319999981235e-03
9.042910105999979117e-03
1.270207874399999215e-02
6.481645323999986850e-03
1.402255804199998776e-02
1.418732772599997846e-02
1.554957144599998162e-02
1.758260112399998368e-02
1.650309472399999131e-02
1.847312588199999731e-02
2.214007032599999217e-02
2.257553151199999733e-02
2.396740318599998795e-02
2.807543626799999595e-02
2.525384661400000355e-02
2.623152546399998286e-02
2.822074066200000453e-02
3.858406389599999126e-02
3.965681435999999366e-02
4.451597721199995750e-02
3.714666776599996612e-02
4.811063734399996517e-02
4.264649255199996075e-02
5.055015214799998130e-02
6.015451450399997291e-02
5.490529222599999787e-02
4.716474861399998914e-02
6.030704910199995855e-02
6.205462429199994773e-02
6.326678918199993285e-02
7.087516763799997510e-02
6.329666447799993378e-02
6.124775522599992805e-02
6.758328429799999315e-02
6.433983429599988979e-02
7.357517092800001934e-02
8.027685313200008665e-02
6.311250848999994112e-02
7.628775913200001868e-02
8.292274608600007368e-02
7.736103098400010092e-02
7.840685624799996478e-02
8.426505903600001179e-02
7.380281443599993885e-02
8.332724798399998578e-02
7.733155978400001185e-02
8.306510128599994824e-02
8.108081650999994505e-02
7.819475705599995830e-02
7.284982342399996813e-02
7.222573072199987843e-02
7.881706445000001560e-02
7.590662777799997429e-02
7.469660152799990904e-02
7.165546227399995083e-02
6.543832688399986441e-02
6.779729576199990115e-02
6.171537135599990814e-02
7.010435179399994443e-02
7.440472156199995357e-02
6.325406360799988581e-02
5.698581504999992303e-02
6.275626568399994554e-02
5.423072421999994980e-02
6.064209002799992448e-02
5.758758461599988027e-02
5.615072337199992353e-02
4.948748829799990562e-02
5.285140048399995100e-02
5.775039345999996576e-02
3.632042640400000300e-02
4.946490113999994082e-02
3.337230249199998888e-02
3.574358841600001196e-02
4.023954792799997598e-02
3.330426455799998658e-02
5.048331201199997287e-02
3.363914721799998037e-02
3.088405393999999263e-02
2.995251435799998335e-02
2.862486086799999330e-02
3.065422138399999386e-02
2.460544429399999164e-02
3.335650711399999746e-02
2.785028437599997714e-02
2.671951529999998590e-02
2.300317780200000078e-02
3.007672927200000235e-02
2.739769868399999017e-02
2.239908730199999254e-02
1.163082329399999816e-02
2.160685361999999804e-02
2.238395418800000203e-02
1.640955234399999949e-02
1.333302482399999905e-02
1.386451415400000338e-02
9.587016659999999385e-03
1.057579774800000531e-02
1.284622120999999798e-02
1.055161060600000485e-02
1.353362917199999946e-02
1.053567584199999879e-02
1.335385105200000318e-02
1.210613511599999310e-02
1.004962339799999986e-02
1.102594963800000195e-02
3.332392298000000537e-03
6.597024235999997266e-03
7.875753116000000498e-03
3.750182547999999887e-03
5.458139444000000701e-03
7.411557868000000042e-03
3.503291329999999072e-03
5.790860995999999594e-03
8.471523317999999497e-03
5.029908006000001312e-03
1.177518669999999936e-03
5.584936077999999235e-03
7.441178663999998763e-03
4.982063131999998722e-03
8.530291600000001681e-04
4.206495485999999125e-03
4.679366271999999688e-03
5.269363357999997700e-03
2.196536646000000256e-03
2.389723198000000357e-03
2.397614659999999266e-03
2.653248360000000274e-03
3.083457740000000681e-04
1.753213876000000830e-03
1.793276090000000189e-03
2.002673155999999330e-03
2.824896584000000186e-03
1.332021276000000054e-03
3.379065731999999784e-03
7.587047799999997754e-05
5.997226479999999199e-04
9.142452520000000221e-04
9.614988040000000151e-04
2.641576760000001163e-04
1.645200574000000616e-03
7.964054419999999981e-04
1.047795158000000256e-03
1.421904856000000142e-03
7.469865760000000228e-04
3.304142680000000248e-04
1.399158120000001211e-04
9.007821800000001035e-05
1.428982200000000353e-05
1.037757956000000346e-03
2.243221199999999454e-05
1.976404399999999952e-05
5.021362739999999129e-04
2.854974800000000006e-05
1.176330800000000498e-05
2.140412999999999932e-05
5.412616940000000666e-04
1.397284800000000246e-05
1.081587399999999978e-05
1.016201400000000025e-05
6.516810919999999410e-04
5.614829480000001986e-04
1.508613800000000176e-05
9.121986020000000034e-04
5.332567380000000513e-04
7.251838000000000380e-06
1.033224800000000211e-05
1.948365199999999646e-05
4.244381659999999510e-04
1.554816200000000071e-05
5.992288279999999877e-04
1.076451200000000120e-05
6.734566000000001040e-06
3.592121999999999639e-06
1.570855551999999870e-03
6.507361999999999954e-06
1.182681000000000239e-05
4.270137260000000392e-04
