2.824835042788684802e-01
2.630642551428009068e-01
2.294881239149046404e-01
2.240839330424592435e-01
2.311945486953687623e-01
2.071139817204353806e-01
1.986562206178407453e-01
1.311622401322889431e-01
1.486307080621229737e-01
1.636898094695826145e-01
1.115642582491933876e-01
1.413686698377659701e-01
1.021649656593286298e-01
8.410767855406493798e-02
7.943888439468477225e-02
8.140759062834365678e-02
7.834442102543455466e-02
5.348183923087233144e-02
6.780992536176967678e-02
6.048081079494287138e-02
5.309762062977326641e-02
5.487627441819845076e-02
4.704467882175904225e-02
4.709818109914786638e-02
3.881411082856201650e-02
3.400122549828923924e-02
3.166171123824710470e-02
3.201233770254157535e-02
2.512141902704727314e-02
2.425173506202758095e-02
2.249876409433184538e-02
2.027996452052611281e-02
2.123648572145427418e-02
1.892754307873723355e-02
1.766934718681058974e-02
1.767138368100022380e-02
1.520066809795830171e-02
1.376717266507904158e-02
1.222915455438008600e-02
1.196972390767806795e-02
1.181098439312668405e-02
1.066475730095710686e-02
1.092973967129110165e-02
9.796337974836966805e-03
9.328306799998079685e-03
8.458570037340060188e-03
8.369185320896697575e-03
7.683082810573048718e-03
7.781623714964276683e-03
6.417436820711597094e-03
6.389004828039325685e-03
6.355783054585283608e-03
6.017155604611780506e-03
5.639378206636467064e-03
5.907659815869288795e-03
5.381847519108541242e-03
5.115894971117611843e-03
4.936818706771588239e-03
4.699102961399931160e-03
4.836476349133640544e-03
4.588958839999364089e-03
4.339654445952975149e-03
4.418798184225250329e-03
4.181142772502850422e-03
4.412445600155277987e-03
4.242874228733024486e-03
4.264277469933928054e-03
4.012459617998662999e-03
3.959935460242661187e-03
3.973386737585558361e-03
3.984081731959825644e-03
4.017312695140375263e-03
3.717758527856716497e-03
4.122524477409753030e-03
3.939376870132338219e-03
3.981521979462213610e-03
3.992387417023313470e-03
3.909420238589421046e-03
4.153711319394714704e-03
4.158982069811391347e-03
4.188062672580113339e-03
4.171234452849458679e-03
4.238182423637159267e-03
4.337584778688601678e-03
4.421826940563125877e-03
4.388986200595288746e-03
4.857833228709629997e-03
4.880464222059135125e-03
4.950301200552721832e-03
4.727660501764616684e-03
5.043009756096263931e-03
5.089499618520523794e-03
5.502030647575470446e-03
5.412957187975186990e-03
5.704310010653254950e-03
5.947212687577868237e-03
6.098613340259175127e-03
6.718063859381275156e-03
6.662165440802601292e-03
7.236212567536800221e-03
7.247285175614399770e-03
7.466331253226982448e-03
8.192377029214777118e-03
8.064016452065347201e-03
8.594690715886961138e-03
9.193799300850520606e-03
9.209679111901417081e-03
9.720416179151094085e-03
9.912331172643135818e-03
1.035640143781175332e-02
1.130557166006887146e-02
1.156253010977135662e-02
1.221017130700172496e-02
1.345044312799942993e-02
1.496109506366015938e-02
1.431385899864357110e-02
1.475102611422012162e-02
1.412188614216259609e-02
1.592426213658052273e-02
1.687344886450565032e-02
1.997522511787552454e-02
1.802615144952349202e-02
2.218587370533486522e-02
2.182502884964090256e-02
2.106603664181588842e-02
2.190016103699506458e-02
2.726958753352052775e-02
2.595310435853798170e-02
2.934189790956606356e-02
3.492553485903179128e-02
2.568824586389715017e-02
3.433582490330121945e-02
3.510217633123251246e-02
3.631170153538992862e-02
4.794533443940054290e-02
4.059404380418151631e-02
4.094409205323247536e-02
4.658708517619760542e-02
4.770341077073194519e-02
5.201798650516589045e-02
5.276516495784205202e-02
6.840784341668812440e-02
4.978276026952654920e-02
7.563394516101462628e-02
6.097267711594338280e-02
8.061651382538582988e-02
7.990792509430266755e-02
7.865381006849289647e-02
8.809779601293837858e-02
7.540631122624205651e-02
1.184480892460277879e-01
9.773180548558388359e-02
1.051074729940142671e-01
1.381710710137811216e-01
1.699614030886843208e-01
1.445498310855461988e-01
1.481444671174194649e-01
2.118450461379124128e-01
1.917801430424413700e-01
2.393054173932514517e-01
2.032933699030585739e-01
2.615671827469804311e-01
2.835334293484830792e-01
3.291929312245333028e-01
2.171658873578002358e-01
3.146385220488027712e-01
2.244171432698715829e-01
2.507378684955736126e-01
2.410973156034092457e-01
2.870718605095192721e-01
4.149619435868051043e-01
3.943270787770826735e-01
3.405554609101954511e-01
3.183519791448915504e-01
2.483633298789547361e-01
8.286871107364576217e-01
5.102712379309912727e-01
9.842270548108971173e-01
8.314822260046359492e-01
1.464844494783992479e+00
1.004039399167627744e+00
8.288819427263598438e-01
7.736248726948073973e-01
1.247294253121071561e+00
1.182580663198746107e+00
8.726317431245640410e-01
5.684688049985109348e-01
1.507914626861464047e+00
2.443910686937542209e+00
6.371181764483794252e-01
7.596141002046579160e-01
1.253758977213660142e+00
1.153378578032105084e+00
3.235421288006173235e+00
1.428045651126091942e+00
1.232098440752060542e+00
3.932748390942405248e+00
1.941159882584259533e+00
2.030907973470398087e+00
9.962698345595696336e-01
